36285, 68421, 81036, 88678, 95571, 61486, 28367, 
136069, 114947, 68070, 74490, 80280, 50419, 20141, 
119183, 69062, 38539, 26872, 28122, 10697, 399, 
0.88, 0.6, 0.57, 0.36, 0.35, 0.21, 0.02, 
398106, 36285, 68421, 68070, 74490, 80280, 50419, 20141, 
189336, 44104, 45796, 36763, 25540, 26602, 10144, 387, 
1, 0.67, 0.54, 0.34, 0.33, 0.2, 0.02, 
23414, 2722, 13261, 7431, 

5643, 11122, 13560, 16396, 20036, 13371, 3848, 
14108, 17128, 10577, 6558, 9617, 5215, 1116, 
15635, 11003, 5468, 2628, 3294, 1762, 178, 
1, 0.64, 0.52, 0.4, 0.34, 0.34, 0.16, 
49848, 5643, 11122, 10577, 6558, 9617, 5215, 1116, 
22394, 4468, 5876, 4743, 2475, 3046, 1625, 161, 
0.79, 0.53, 0.45, 0.38, 0.32, 0.31, 0.14, 
10, 1, 3, 6, 

48046, 78394, 86517, 91453, 94686, 60496, 31306, 
132607, 125430, 68348, 36581, 44502, 22384, 10331, 
155763, 125868, 43948, 24818, 27334, 12944, 3881, 
1, 1, 0.64, 0.68, 0.61, 0.58, 0.38, 
308586, 48046, 78394, 68348, 36581, 44502, 22384, 10331, 
186478, 42854, 51825, 34748, 20587, 22527, 10544, 3393, 
0.89, 0.66, 0.51, 0.56, 0.51, 0.47, 0.33, 
16043, 1046, 10048, 4949, 

44987, 38229, 50519, 54465, 59562, 46443, 22206, 
183698, 47795, 27801, 22351, 48271, 36134, 18834, 
58394, 13027, 12628, 4294, 5797, 1978, 68, 
0.32, 0.27, 0.45, 0.19, 0.12, 0.05, 0, 
236607, 44987, 38229, 27801, 22351, 48271, 36134, 18834, 
60380, 22884, 12731, 12628, 4294, 5797, 1978, 68, 
0.51, 0.33, 0.45, 0.19, 0.12, 0.05, 0, 
686, 103, 344, 239, 

3.40174e+06, 226263, 473802, 573805, 704765, 757715, 467472, 197918, 
3.62937e+06, 785904, 814939, 498556, 307683, 667746, 401054, 153489, 
1.60368e+06, 308309, 620552, 282392, 154921, 161439, 66787, 9280, 
0.39, 0.76, 0.57, 0.5, 0.24, 0.17, 0.06, 
2.72859e+06, 226263, 473802, 498556, 307683, 667746, 401054, 153489, 
1.01754e+06, 166382, 307145, 220909, 128397, 133073, 55000, 6632, 
0.74, 0.65, 0.44, 0.42, 0.2, 0.14, 0.04, 
164737, 1951, 105868, 56918, 

27375, 47156, 47309, 47102, 48148, 29978, 10809, 
82125, 72620, 36428, 18370, 38037, 22184, 7026, 
70571, 53950, 20244, 10463, 11959, 5524, 1168, 
0.86, 0.74, 0.56, 0.57, 0.31, 0.25, 0.17, 
196576, 27375, 47156, 36428, 18370, 38037, 22184, 7026, 
105068, 29682, 31270, 17848, 9628, 10730, 4859, 1051, 
1, 0.66, 0.49, 0.52, 0.28, 0.22, 0.15, 
4272, 106, 3268, 898, 

15163, 31177, 42361, 52433, 63101, 40526, 14797, 
46399, 53625, 36430, 35130, 43540, 31611, 9204, 
40152, 55063, 26907, 18117, 25055, 14613, 2983, 
0.87, 1, 0.74, 0.52, 0.58, 0.46, 0.32, 
202255, 15163, 31177, 36430, 35130, 43540, 31611, 9204, 
113198, 12155, 23599, 23919, 17131, 23338, 10541, 2515, 
0.8, 0.76, 0.66, 0.49, 0.54, 0.33, 0.27, 
35382, 2732, 18757, 13893, 

5319, 10391, 12536, 14119, 16092, 10307, 3866, 
14042, 12469, 6769, 5648, 7724, 1958, 1276, 
8294, 14367, 5144, 4245, 6057, 3790, 612, 
0.59, 1, 0.76, 0.75, 0.78, 1, 0.48, 
39085, 5319, 10391, 6769, 5648, 7724, 1958, 1276, 
24748, 2984, 7132, 4645, 3440, 3957, 2080, 510, 
0.56, 0.69, 0.69, 0.61, 0.51, 1, 0.4, 
1249, 0, 786, 463, 

6078, 9882, 13831, 18027, 19745, 12103, 5494, 
13464, 12545, 9068, 6048, 13268, 8322, 3483, 
8997, 9871, 8466, 8576, 9223, 4833, 1168, 
0.67, 0.79, 0.93, 1, 0.7, 0.58, 0.34, 
56149, 6078, 9882, 9068, 6048, 13268, 8322, 3483, 
35108, 3428, 5176, 6962, 7222, 7614, 3839, 867, 
0.56, 0.52, 0.77, 1, 0.57, 0.46, 0.25, 
5454, 205, 2102, 3147, 

1.47556e+06, 144041, 222181, 257678, 286644, 327148, 191398, 46471, 
1.58079e+06, 467613, 358914, 210991, 111263, 253610, 146059, 32336, 
315162, 317541, 159499, 80974, 96194, 35500, 4679, 
0.67, 0.88, 0.76, 0.73, 0.38, 0.24, 0.14, 
1.12039e+06, 144041, 222091, 210991, 111263, 253610, 146059, 32336, 
591825, 117343, 154496, 130734, 71354, 83064, 31023, 3811, 
0.81, 0.7, 0.62, 0.64, 0.33, 0.21, 0.12, 
70468, 2521, 39690, 28257, 

1.17454e+06, 93512, 188537, 207829, 232443, 255623, 152131, 44460, 
975981, 275625, 271650, 159408, 85668, 114497, 55883, 13250, 
168527, 197984, 57468, 24465, 26466, 10276, 1335, 
0.61, 0.73, 0.36, 0.29, 0.23, 0.18, 0.1, 
710755, 93512, 188537, 159408, 85668, 114497, 55883, 13250, 
273898, 65163, 93115, 54208, 23966, 25989, 10142, 1315, 
0.7, 0.49, 0.34, 0.28, 0.23, 0.18, 0.1, 
14444, 1820, 9549, 3075, 

6959, 13748, 17777, 21830, 24639, 15884, 6422, 
12524, 17048, 11556, 7641, 10349, 5401, 1799, 
15526, 19217, 9750, 5832, 8468, 4266, 788, 
1, 1, 0.84, 0.76, 0.82, 0.79, 0.44, 
57452, 6958, 13748, 11556, 7641, 10349, 5401, 1799, 
40392, 5617, 8770, 8598, 5360, 7616, 3773, 658, 
0.81, 0.64, 0.74, 0.7, 0.74, 0.7, 0.37, 
4281, 372, 3181, 728, 

9470, 20621, 25250, 27007, 28060, 17257, 5814, 
32482, 34231, 20958, 11343, 14030, 6903, 1686, 
8201, 5685, 2168, 1044, 1280, 539, 41, 
0.25, 0.17, 0.1, 0.09, 0.09, 0.08, 0.02, 
85011, 9470, 20621, 20958, 11343, 14030, 6903, 1686, 
13772, 4278, 4591, 2090, 1017, 1245, 511, 40, 
0.45, 0.22, 0.1, 0.09, 0.09, 0.07, 0.02, 
115, 2, 71, 42, 

1.13369e+06, 77852, 163729, 199260, 237093, 249481, 152740, 53539, 
975993, 242815, 284741, 171337, 104292, 87248, 66821, 18739, 
272172, 271117, 156181, 66918, 103027, 51058, 15401, 
1, 0.95, 0.91, 0.64, 1, 0.76, 0.82, 
690018, 77852, 163729, 171337, 104292, 87248, 66821, 18739, 
483235, 72405, 112529, 103822, 54719, 84644, 39715, 15401, 
0.93, 0.69, 0.61, 0.52, 0.97, 0.59, 0.82, 
126040, 3905, 60897, 61238, 

36562, 79910, 98881, 113553, 120925, 72927, 26696, 
125408, 132651, 81082, 47692, 60463, 29171, 8276, 
85409, 133107, 43561, 26052, 29198, 13670, 2421, 
0.68, 1, 0.54, 0.55, 0.48, 0.47, 0.29, 
343156, 36562, 79910, 81082, 47692, 60463, 29171, 8276, 
176479, 26854, 53097, 35988, 22143, 24533, 11686, 2178, 
0.73, 0.66, 0.44, 0.46, 0.41, 0.4, 0.26, 
17180, 149, 9458, 7573, 

6050, 12072, 13218, 13861, 14448, 8403, 4000, 
14883, 15452, 8724, 4574, 5779, 2689, 1000, 
35646, 41195, 14871, 3353, 3265, 692, 33, 
1, 1, 1, 0.73, 0.56, 0.26, 0.03, 
40888, 6050, 12072, 8724, 4574, 5779, 2689, 1000, 
19886, 4498, 7215, 4824, 1520, 1490, 325, 14, 
0.74, 0.6, 0.55, 0.33, 0.26, 0.12, 0.01, 
1620, 52, 1024, 544, 

16484, 30297, 35469, 35672, 37157, 25401, 9589, 
48201, 47046, 27236, 13477, 28483, 18737, 5825, 
32571, 50184, 20517, 12625, 12403, 11444, 8108, 
0.68, 1, 0.75, 0.94, 0.44, 0.61, 1, 
140539, 16484, 30297, 27236, 13477, 28483, 18737, 5825, 
79267, 13483, 18397, 16490, 10073, 10187, 7398, 3239, 
0.82, 0.61, 0.61, 0.75, 0.36, 0.39, 0.56, 
12050, 241, 6864, 4945, 

22159, 51630, 64621, 77974, 92372, 62468, 19943, 
75976, 63202, 53149, 32064, 77592, 50987, 12209, 
64211, 82696, 38081, 15378, 36501, 12494, 919, 
0.85, 1, 0.72, 0.48, 0.47, 0.25, 0.08, 
299790, 22159, 51630, 53149, 32064, 77592, 50987, 12209, 
137419, 19378, 32761, 30691, 13338, 29933, 10513, 805, 
0.87, 0.63, 0.58, 0.42, 0.39, 0.21, 0.07, 
15624, 421, 9985, 5218, 

637653, 42510, 84385, 106208, 127201, 147244, 99817, 30288, 
132595, 151873, 94513, 57225, 78014, 43891, 10294, 
126795, 139061, 65228, 35531, 41411, 21697, 1893, 
0.96, 0.92, 0.69, 0.62, 0.53, 0.49, 0.18, 
410832, 42510, 84385, 94513, 57225, 78014, 43891, 10294, 
227959, 36875, 56518, 49288, 30581, 34779, 18178, 1740, 
0.87, 0.67, 0.52, 0.53, 0.45, 0.41, 0.17, 
31470, 525, 18861, 12084, 

5158, 12970, 17650, 22902, 30150, 22084, 9930, 
17327, 22558, 15523, 10073, 26827, 19210, 8038, 
14957, 37685, 16498, 15728, 22629, 18098, 6164, 
0.86, 1, 1, 1, 0.84, 0.94, 0.77, 
97794, 5158, 12965, 15523, 10073, 26827, 19210, 8038, 
57773, 4008, 10686, 10306, 9239, 13146, 7976, 2412, 
0.78, 0.82, 0.66, 0.92, 0.49, 0.42, 0.3, 
5097, 129, 3225, 1743, 

30748, 61486, 76330, 91700, 109710, 67188, 21381, 
96123, 105062, 65257, 78509, 94790, 55545, 14152, 
88484, 113577, 49219, 38418, 46444, 24349, 4971, 
0.92, 1, 0.75, 0.49, 0.49, 0.44, 0.35, 
400487, 30748, 61486, 65257, 78509, 94790, 55545, 14152, 
201627, 24630, 44293, 39081, 32578, 38370, 18914, 3761, 
0.8, 0.72, 0.6, 0.41, 0.4, 0.34, 0.27, 
33113, 717, 20150, 12246, 

30349, 59534, 75943, 95211, 118763, 81747, 32682, 
83763, 100017, 64552, 81881, 103324, 69485, 24185, 
90360, 107499, 52120, 50930, 63991, 38354, 9016, 
1, 1, 0.81, 0.62, 0.62, 0.55, 0.37, 
433310, 30349, 59534, 64552, 81881, 103324, 69485, 24185, 
241514, 25903, 40904, 41492, 42995, 53421, 29985, 6814, 
0.85, 0.69, 0.64, 0.53, 0.52, 0.43, 0.28, 
63124, 1411, 31874, 29839, 

909148, 60782, 117443, 149604, 185726, 217220, 127926, 50447, 
740921, 154701, 196930, 125442, 79738, 112696, 53449, 17965, 
178016, 178997, 86017, 43727, 58548, 29766, 7964, 
1, 0.91, 0.69, 0.55, 0.52, 0.56, 0.44, 
567515, 60782, 117443, 125442, 79738, 112696, 53449, 17965, 
259169, 49114, 62257, 53881, 29490, 39050, 19965, 5412, 
0.81, 0.53, 0.43, 0.37, 0.35, 0.37, 0.3, 
75411, 1107, 33355, 40949, 

25790, 50783, 55960, 65746, 80912, 57370, 28791, 
64350, 86331, 44606, 26697, 39919, 23350, 10228, 
78371, 88539, 31643, 14224, 23077, 13587, 5603, 
1, 1, 0.71, 0.53, 0.58, 0.58, 0.55, 
221373, 25790, 50783, 44606, 26697, 39919, 23350, 10228, 
130711, 21564, 35286, 25573, 12212, 19741, 11442, 4893, 
0.84, 0.69, 0.57, 0.46, 0.49, 0.49, 0.48, 
24681, 617, 15624, 8440, 

70986, 52146, 68036, 80190, 88693, 59162, 15114, 
241352, 68311, 59191, 69765, 77163, 47330, 10580, 
117681, 28759, 26222, 13066, 15081, 9169, 2606, 
0.49, 0.42, 0.44, 0.19, 0.2, 0.19, 0.25, 
387161, 70986, 52146, 59191, 69765, 77163, 47330, 10580, 
102661, 43107, 16339, 16536, 8549, 9610, 6445, 2075, 
0.61, 0.31, 0.28, 0.12, 0.12, 0.14, 0.2, 
16032, 5696, 4655, 5681, 

624852, 38206, 77945, 103787, 125749, 147847, 96423, 34895, 
85964, 132507, 89257, 55330, 76880, 40498, 11864, 
124762, 143584, 70595, 35219, 47914, 33650, 11944, 
1, 1, 0.79, 0.64, 0.62, 0.83, 1, 
389980, 38206, 77945, 89257, 55330, 76880, 40498, 11864, 
232107, 33578, 54106, 48913, 27832, 36694, 23508, 7476, 
0.88, 0.69, 0.55, 0.5, 0.48, 0.58, 0.63, 
35239, 709, 20263, 14267, 

4845, 8981, 10544, 11064, 12794, 8740, 3042, 
11621, 13826, 8120, 4199, 5881, 3230, 939, 
14172, 11902, 4434, 1653, 2816, 1521, 226, 
1, 0.86, 0.55, 0.39, 0.48, 0.47, 0.24, 
36195, 4845, 8981, 8120, 4199, 5881, 3230, 939, 
18550, 4078, 5271, 3754, 1475, 2467, 1313, 192, 
0.84, 0.59, 0.46, 0.35, 0.42, 0.41, 0.2, 
283, 8, 186, 89, 

11941, 22416, 28004, 31978, 34687, 22980, 8961, 
29253, 37211, 23522, 13432, 29484, 19073, 6181, 
39016, 37082, 15477, 5471, 11602, 7065, 1359, 
1, 1, 0.66, 0.41, 0.39, 0.37, 0.22, 
126049, 11941, 22416, 23522, 13432, 29484, 19073, 6181, 
65150, 11637, 16668, 13523, 5094, 10709, 6268, 1251, 
0.97, 0.74, 0.57, 0.38, 0.36, 0.33, 0.2, 
8301, 119, 4769, 3413, 

19241, 19650, 22763, 24784, 25090, 13688, 5270, 
44639, 13952, 11154, 9170, 3764, 2464, 1581, 
25471, 30964, 14444, 9012, 8193, 3269, 250, 
0.57, 1, 1, 0.98, 1, 1, 0.16, 
61326, 19241, 13952, 11154, 9170, 3764, 2464, 1581, 
48065, 10354, 13581, 9884, 6399, 5568, 2102, 177, 
0.54, 0.97, 0.89, 0.7, 1, 0.85, 0.11, 
549, 2, 358, 189, 

4558, 9129, 12163, 15377, 18250, 11542, 2955, 
12575, 13669, 9233, 5997, 14244, 8674, 1646, 
9928, 14863, 9036, 8949, 9777, 5569, 813, 
0.79, 1, 0.98, 1, 0.69, 0.64, 0.49, 
53481, 4558, 9129, 9233, 5997, 14244, 8674, 1646, 
28788, 3284, 5328, 5430, 5152, 5957, 3119, 518, 
0.72, 0.58, 0.59, 0.86, 0.42, 0.36, 0.31, 
3780, 109, 2895, 776, 

32542, 78156, 92682, 108144, 122103, 74168, 22713, 
97626, 129739, 79707, 94085, 107451, 64526, 17262, 
90469, 130930, 67668, 42821, 56599, 27685, 5942, 
0.93, 1, 0.85, 0.46, 0.53, 0.43, 0.34, 
473729, 32542, 78156, 79707, 94085, 107451, 64526, 17262, 
228696, 28313, 52216, 46634, 34085, 42283, 20776, 4389, 
0.87, 0.67, 0.59, 0.36, 0.39, 0.32, 0.25, 
64872, 2367, 32879, 29626, 

19446, 38562, 50224, 60754, 71754, 47756, 14943, 
58338, 64784, 42690, 26124, 37312, 19580, 4931, 
48354, 50740, 22319, 11708, 15751, 7584, 1067, 
0.83, 0.78, 0.52, 0.45, 0.42, 0.39, 0.22, 
188645, 19446, 38562, 42690, 26124, 37312, 19580, 4931, 
92284, 15878, 23715, 19435, 10934, 14488, 6893, 941, 
0.82, 0.61, 0.46, 0.42, 0.39, 0.35, 0.19, 
1746, 51, 1109, 586, 

1.77091e+06, 108485, 242285, 290753, 347546, 396652, 261964, 123226, 
1.51331e+06, 455152, 303872, 249175, 148650, 202387, 108642, 45431, 
2.982e+06, 342700, 725239, 551877, 438147, 470202, 303689, 150147, 
0.75, 1, 1, 1, 1, 1, 1, 
1.10506e+06, 108485, 242285, 249175, 148650, 202387, 108642, 45431, 
1.01197e+06, 81213, 171679, 186486, 185425, 206188, 124357, 56625, 
0.75, 0.71, 0.75, 1, 1, 1, 1, 
0, 0, 0, 0, 

780846, 65162, 122134, 137914, 147648, 164893, 101819, 41276, 
132863, 200159, 112963, 29478, 54269, 20277, 13518, 
203624, 197654, 79854, 31366, 38819, 22229, 5175, 
1, 0.99, 0.71, 1, 0.72, 1, 0.38, 
417776, 65162, 122109, 112963, 29478, 54269, 20277, 13518, 
314005, 58861, 88899, 73156, 30300, 37051, 20754, 4984, 
0.9, 0.73, 0.65, 1, 0.68, 1, 0.37, 
53635, 456, 38700, 14479, 

2698, 4811, 6388, 6909, 7492, 4828, 2202, 
5531, 7120, 4791, 5113, 5544, 3331, 1365, 
6172, 3986, 1615, 831, 1426, 782, 243, 
1, 0.56, 0.34, 0.16, 0.26, 0.23, 0.18, 
27653, 2698, 4811, 4791, 5113, 5544, 3331, 1365, 
7295, 1916, 1799, 1270, 668, 1003, 508, 131, 
0.71, 0.37, 0.27, 0.13, 0.18, 0.15, 0.1, 
881, 11, 526, 344, 

1.03370e+06, 67986, 137621, 174922, 208584, 237598, 149824, 57170, 
1.07386e+06, 208037, 176155, 148684, 177296, 201958, 122856, 38876, 
155558, 176155, 101066, 55000, 65877, 34196, 3327, 
0.75, 1, 0.68, 0.31, 0.33, 0.28, 0.09, 
895277, 67986, 137621, 148684, 177296, 201958, 122856, 38876, 
371943, 55778, 94340, 83979, 48229, 57360, 29376, 2881, 
0.82, 0.69, 0.56, 0.27, 0.28, 0.24, 0.07, 
45576, 732, 24997, 19847, 

28584, 60998, 75732, 83096, 94274, 60606, 16875, 
65691, 98694, 61273, 34017, 30112, 23573, 5394, 
58181, 59586, 25562, 12748, 15825, 6730, 758, 
0.89, 0.6, 0.42, 0.37, 0.53, 0.29, 0.14, 
243951, 28584, 60998, 61273, 34017, 30112, 23573, 5394, 
108571, 15040, 33462, 24773, 12961, 14647, 6766, 922, 
0.53, 0.55, 0.4, 0.38, 0.49, 0.29, 0.17, 
6242, 94, 4567, 1581, 

21979, 41515, 50183, 51832, 55705, 38367, 20355, 
49453, 44836, 36132, 18660, 16154, 13045, 5903, 
47483, 49418, 17221, 7894, 9235, 3742, 603, 
0.96, 1, 0.48, 0.42, 0.57, 0.29, 0.1, 
153388, 21979, 41515, 36132, 18660, 16154, 13045, 5903, 
77425, 17556, 24550, 15493, 7332, 8481, 3463, 550, 
0.8, 0.59, 0.43, 0.39, 0.53, 0.27, 0.09, 
3163, 111, 2020, 1032, 

903940, 48806, 110900, 140412, 174994, 210572, 140583, 77673, 
823468, 107373, 181796, 116473, 75165, 180801, 113406, 48454, 
105245, 179670, 78354, 67424, 84015, 49275, 13291, 
0.98, 0.99, 0.67, 0.9, 0.46, 0.43, 0.27, 
694005, 48806, 110900, 116473, 75165, 180801, 113406, 48454, 
364751, 39055, 79953, 67762, 58352, 70997, 38856, 9776, 
0.8, 0.72, 0.58, 0.78, 0.39, 0.34, 0.2, 
110733, 15327, 67075, 28331, 

6143, 12629, 17468, 22478, 26590, 17005, 5534, 
19166, 16923, 15547, 20230, 19410, 15103, 4059, 
18601, 24616, 11653, 10803, 12753, 6071, 967, 
0.97, 1, 0.75, 0.53, 0.66, 0.4, 0.24, 
93121, 6143, 12629, 15547, 20230, 19410, 15103, 4059, 
52521, 5191, 9891, 10051, 9726, 11463, 5323, 876, 
0.85, 0.78, 0.65, 0.48, 0.59, 0.35, 0.22, 
7995, 169, 3817, 4009, 

545012, 35169, 70778, 88383, 105342, 130616, 83868, 30856, 
139269, 99797, 85732, 50564, 75757, 39418, 10800, 
91693, 102145, 29961, 13762, 15319, 6535, 517, 
0.66, 1, 0.35, 0.27, 0.2, 0.17, 0.05, 
368218, 35169, 70778, 85732, 50564, 75757, 39418, 10800, 
120798, 22573, 40821, 25255, 12158, 13687, 5851, 453, 
0.64, 0.58, 0.29, 0.24, 0.18, 0.15, 0.04, 
13223, 215, 9724, 3284, 

5322, 10210, 12946, 14980, 17206, 12053, 3691, 
17882, 16336, 10357, 12134, 14109, 9281, 2141, 
12996, 12788, 5197, 3030, 4245, 3271, 747, 
0.73, 0.78, 0.5, 0.25, 0.3, 0.35, 0.35, 
63554, 5322, 10210, 10357, 12134, 14109, 9281, 2141, 
26050, 4423, 6321, 4734, 2881, 3964, 3012, 715, 
0.83, 0.62, 0.46, 0.24, 0.28, 0.32, 0.33, 
801, 3, 472, 326, 

806397, 45761, 89813, 125876, 154870, 184090, 124319, 81668, 
118979, 117655, 109512, 66594, 160158, 106914, 66968, 
69433, 114672, 78317, 40626, 55932, 32513, 14259, 
0.58, 0.97, 0.72, 0.61, 0.35, 0.3, 0.21, 
645720, 45761, 89813, 109512, 66594, 160158, 106914, 66968, 
249112, 33422, 51869, 58073, 30862, 41774, 23324, 9788, 
0.73, 0.58, 0.53, 0.46, 0.26, 0.22, 0.15, 
33007, 715, 16905, 15387, 

2.10444e+06, 226866, 365686, 381061, 385653, 390686, 243851, 110633, 
2.15754e+06, 678923, 540642, 281647, 142399, 288316, 169410, 56202, 
1.48193e+06, 507006, 459375, 191330, 121895, 139444, 56206, 6678, 
0.75, 0.85, 0.68, 0.86, 0.48, 0.33, 0.12, 
1.52994e+06, 226623, 365346, 281647, 142399, 288316, 169410, 56202, 
846963, 186860, 216586, 159980, 107291, 121159, 49256, 5831, 
0.82, 0.59, 0.57, 0.75, 0.42, 0.29, 0.1, 
189390, 42059, 90021, 57310, 

28081, 25931, 27908, 22134, 21495, 14054, 5433, 
117727, 35218, 19759, 7931, 15365, 9074, 2717, 
79213, 22240, 11713, 3592, 3885, 2265, 464, 
0.67, 0.63, 0.59, 0.45, 0.25, 0.25, 0.17, 
108858, 28081, 25931, 19759, 7931, 15365, 9074, 2717, 
54031, 22858, 13106, 9461, 3083, 3303, 1851, 369, 
0.81, 0.51, 0.48, 0.39, 0.21, 0.2, 0.14, 
1118, 341, 635, 142, 

3533, 7458, 10987, 14427, 18251, 12344, 3293, 
3512, 7135, 6030, 4180, 6561, 3556, 734, 
8499, 16027, 6962, 5604, 6628, 3555, 514, 
1, 1, 1, 1, 1, 1, 0.7, 
31708, 3512, 7135, 6030, 4180, 6561, 3556, 734, 
26638, 2370, 5745, 5447, 4348, 5357, 2908, 463, 
0.67, 0.81, 0.9, 1, 0.82, 0.82, 0.63, 
110, 0, 89, 21, 

37135, 62175, 71987, 83312, 97678, 60742, 25777, 
96495, 72118, 56144, 30828, 44933, 22476, 7733, 
89563, 81383, 36866, 14341, 19166, 13919, 8954, 
0.93, 1, 0.66, 0.47, 0.43, 0.62, 1, 
261420, 37135, 62171, 56144, 30828, 44933, 22476, 7733, 
143918, 28885, 38165, 31216, 12931, 16672, 10776, 5273, 
0.78, 0.61, 0.56, 0.42, 0.37, 0.48, 0.68, 
2672, 208, 1354, 1110, 

700065, 39279, 84254, 114354, 138132, 158686, 119038, 46322, 
110036, 72456, 98339, 89782, 55533, 48799, 15748, 
21323, 34105, 21354, 16532, 22002, 19298, 6424, 
0.19, 0.47, 0.22, 0.18, 0.4, 0.4, 0.41, 
419936, 39279, 72456, 98339, 89782, 55533, 48799, 15748, 
101368, 11702, 20666, 17261, 14018, 18378, 15017, 4326, 
0.3, 0.29, 0.18, 0.16, 0.33, 0.31, 0.27, 
13, 0, 6, 7, 

13818, 26351, 34270, 40500, 48207, 34481, 11370, 
41454, 53491, 27758, 32803, 39525, 26199, 6583, 
41590, 50353, 22622, 15618, 18246, 10126, 1467, 
1, 0.94, 0.81, 0.48, 0.46, 0.39, 0.22, 
173036, 13818, 26350, 27758, 32803, 39525, 26199, 6583, 
86941, 13145, 19658, 17093, 13134, 14935, 7868, 1108, 
0.95, 0.75, 0.62, 0.4, 0.38, 0.3, 0.17, 
14817, 2078, 7740, 4999, 

27512, 54118, 68050, 76562, 85966, 57992, 21384, 
70034, 90079, 57645, 31947, 42966, 23141, 7452, 
62478, 69149, 30275, 19611, 22184, 11026, 1622, 
0.89, 0.77, 0.53, 0.61, 0.52, 0.48, 0.22, 
244781, 27512, 54118, 57645, 31947, 42966, 23141, 7452, 
128723, 21169, 32591, 25934, 17692, 19942, 9901, 1494, 
0.77, 0.6, 0.45, 0.55, 0.46, 0.43, 0.2, 
51985, 1006, 31596, 19383, 

