481845.000000, 36265.000000, 68332.000000, 86282.000000, 91927.000000, 102489.000000, 66536.000000, 30014.000000, 
566368.000000, 135994.000000, 116164.000000, 73340.000000, 77219.000000, 87116.000000, 55225.000000, 21310.000000, 
303479.000000, 122256.000000, 68924.000000, 41534.000000, 27585.000000, 30365.000000, 12420.000000, 395.000000, 
0.540000, 0.900000, 0.590000, 0.570000, 0.360000, 0.350000, 0.220000, 0.020000, 
418807.000000, 36265.000000, 68332.000000, 73340.000000, 77219.000000, 87116.000000, 55225.000000, 21310.000000, 
199394.000000, 45152.000000, 45727.000000, 39965.000000, 26700.000000, 29330.000000, 12132.000000, 388.000000, 
0.480000, 1.000000, 0.670000, 0.540000, 0.350000, 0.340000, 0.220000, 0.020000, 
26188.000000, 3859.000000, 14546.000000, 7783.000000, 

87286.000000, 5763.000000, 11102.000000, 14329.000000, 16679.000000, 20779.000000, 14479.000000, 4155.000000, 
67263.000000, 14696.000000, 17541.000000, 11320.000000, 6672.000000, 10182.000000, 5647.000000, 1205.000000, 
44731.000000, 15522.000000, 12944.000000, 6755.000000, 2959.000000, 3752.000000, 2513.000000, 286.000000, 
0.670000, 1.000000, 0.740000, 0.600000, 0.440000, 0.370000, 0.450000, 0.240000, 
51891.000000, 5763.000000, 11102.000000, 11320.000000, 6672.000000, 10182.000000, 5647.000000, 1205.000000, 
25954.000000, 4791.000000, 6625.000000, 5827.000000, 2747.000000, 3452.000000, 2262.000000, 250.000000, 
0.500000, 0.830000, 0.600000, 0.510000, 0.410000, 0.340000, 0.400000, 0.210000, 
10.000000, 0.000000, 4.000000, 6.000000, 

579640.000000, 51598.000000, 87269.000000, 102374.000000, 108018.000000, 116195.000000, 75084.000000, 39102.000000, 
504906.000000, 145506.000000, 139630.000000, 80875.000000, 43207.000000, 54612.000000, 27781.000000, 13295.000000, 
407249.000000, 153041.000000, 131909.000000, 48258.000000, 25632.000000, 28201.000000, 15541.000000, 4667.000000, 
0.810000, 1.000000, 0.940000, 0.600000, 0.590000, 0.520000, 0.560000, 0.350000, 
358637.000000, 51598.000000, 87269.000000, 80875.000000, 43207.000000, 54612.000000, 27781.000000, 13295.000000, 
201543.000000, 43509.000000, 56816.000000, 38778.000000, 21710.000000, 23760.000000, 12786.000000, 4184.000000, 
0.560000, 0.840000, 0.650000, 0.480000, 0.500000, 0.440000, 0.460000, 0.310000, 
16344.000000, 647.000000, 10222.000000, 5475.000000, 

346665.000000, 46558.000000, 42431.000000, 56448.000000, 59814.000000, 67134.000000, 51557.000000, 22723.000000, 
423273.000000, 195503.000000, 54283.000000, 32152.000000, 25095.000000, 56289.000000, 40666.000000, 19285.000000, 
108665.000000, 62809.000000, 15034.000000, 15633.000000, 5112.000000, 7230.000000, 2749.000000, 98.000000, 
0.260000, 0.320000, 0.280000, 0.490000, 0.200000, 0.130000, 0.070000, 0.010000, 
262476.000000, 46558.000000, 42431.000000, 32152.000000, 25095.000000, 56289.000000, 40666.000000, 19285.000000, 
69622.000000, 24039.000000, 14761.000000, 15633.000000, 5112.000000, 7230.000000, 2749.000000, 98.000000, 
0.270000, 0.520000, 0.350000, 0.490000, 0.200000, 0.130000, 0.070000, 0.010000, 
2040.000000, 545.000000, 1020.000000, 475.000000, 

3558434.000000, 237053.000000, 492683.000000, 606827.000000, 713183.000000, 801525.000000, 499225.000000, 207938.000000, 
3804171.000000, 821458.000000, 846303.000000, 527240.000000, 312143.000000, 706966.000000, 429044.000000, 161017.000000, 
1854410.000000, 367886.000000, 701007.000000, 332087.000000, 173403.000000, 187070.000000, 82823.000000, 10134.000000, 
0.490000, 0.450000, 0.830000, 0.630000, 0.560000, 0.260000, 0.190000, 0.060000, 
2866146.000000, 237053.000000, 492683.000000, 527240.000000, 312143.000000, 706966.000000, 429044.000000, 161017.000000, 
1179576.000000, 204018.000000, 333284.000000, 262554.000000, 146145.000000, 156883.000000, 69142.000000, 7550.000000, 
0.410000, 0.860000, 0.680000, 0.500000, 0.470000, 0.220000, 0.160000, 0.050000, 
173289.000000, 2104.000000, 111834.000000, 59351.000000, 

262321.000000, 28854.000000, 46777.000000, 50899.000000, 47542.000000, 49829.000000, 30597.000000, 7823.000000, 
302457.000000, 88293.000000, 79521.000000, 42246.000000, 19968.000000, 41856.000000, 24784.000000, 5789.000000, 
195522.000000, 78820.000000, 60953.000000, 24065.000000, 11486.000000, 12812.000000, 6346.000000, 1040.000000, 
0.650000, 0.890000, 0.770000, 0.570000, 0.580000, 0.310000, 0.260000, 0.180000, 
210274.000000, 28854.000000, 46777.000000, 42246.000000, 19968.000000, 41856.000000, 24784.000000, 5789.000000, 
105653.000000, 25516.000000, 31583.000000, 20403.000000, 10329.000000, 11313.000000, 5544.000000, 965.000000, 
0.500000, 0.880000, 0.680000, 0.480000, 0.520000, 0.270000, 0.220000, 0.170000, 
5854.000000, 149.000000, 4356.000000, 1349.000000, 

269073.000000, 15497.000000, 31980.000000, 44185.000000, 52981.000000, 65530.000000, 43630.000000, 15270.000000, 
278745.000000, 46491.000000, 58204.000000, 40208.000000, 36027.000000, 47837.000000, 38831.000000, 11147.000000, 
198693.000000, 43402.000000, 59954.000000, 29515.000000, 19062.000000, 27077.000000, 16440.000000, 3243.000000, 
0.710000, 0.930000, 1.000000, 0.730000, 0.530000, 0.570000, 0.420000, 0.290000, 
221527.000000, 15497.000000, 31980.000000, 40208.000000, 36027.000000, 47837.000000, 38831.000000, 11147.000000, 
125100.000000, 13108.000000, 25203.000000, 26269.000000, 18090.000000, 25320.000000, 14416.000000, 2694.000000, 
0.560000, 0.850000, 0.790000, 0.650000, 0.500000, 0.530000, 0.370000, 0.240000, 
5927.000000, 64.000000, 2985.000000, 2878.000000, 

75829.000000, 5520.000000, 10693.000000, 13218.000000, 14349.000000, 16866.000000, 11128.000000, 4055.000000, 
52813.000000, 15235.000000, 13152.000000, 7138.000000, 5740.000000, 8096.000000, 2114.000000, 1338.000000, 
47756.000000, 12678.000000, 16323.000000, 6224.000000, 4445.000000, 4895.000000, 2541.000000, 650.000000, 
0.900000, 0.830000, 1.000000, 0.870000, 0.770000, 0.600000, 1.000000, 0.490000, 
40639.000000, 5520.000000, 10693.000000, 7138.000000, 5740.000000, 8096.000000, 2114.000000, 1338.000000, 
28251.000000, 3902.000000, 7616.000000, 5699.000000, 3958.000000, 4321.000000, 2183.000000, 572.000000, 
0.700000, 0.710000, 0.710000, 0.800000, 0.690000, 0.530000, 1.000000, 0.430000, 
2160.000000, 1.000000, 1629.000000, 530.000000, 

89993.000000, 4935.000000, 10363.000000, 12885.000000, 18867.000000, 22630.000000, 15033.000000, 5280.000000, 
81379.000000, 12889.000000, 16111.000000, 10036.000000, 7743.000000, 18510.000000, 12238.000000, 3852.000000, 
78820.000000, 13787.000000, 18048.000000, 11129.000000, 12065.000000, 13515.000000, 8060.000000, 2216.000000, 
0.970000, 1.000000, 1.000000, 1.000000, 1.000000, 0.730000, 0.660000, 0.580000, 
67370.000000, 4935.000000, 10056.000000, 10036.000000, 7743.000000, 18510.000000, 12238.000000, 3852.000000, 
46382.000000, 3616.000000, 7447.000000, 7945.000000, 9496.000000, 10705.000000, 5854.000000, 1319.000000, 
0.690000, 0.730000, 0.740000, 0.790000, 1.000000, 0.580000, 0.480000, 0.340000, 
12369.000000, 1046.000000, 5529.000000, 5794.000000, 

1570711.000000, 154276.000000, 233960.000000, 277454.000000, 298596.000000, 344424.000000, 210447.000000, 51554.000000, 
1696457.000000, 500555.000000, 382642.000000, 230028.000000, 116007.000000, 270651.000000, 160801.000000, 35773.000000, 
1140495.000000, 350032.000000, 362984.000000, 182459.000000, 88784.000000, 108350.000000, 42567.000000, 5319.000000, 
0.670000, 0.700000, 0.950000, 0.790000, 0.770000, 0.400000, 0.260000, 0.150000, 
1201464.000000, 154276.000000, 233928.000000, 230028.000000, 116007.000000, 270651.000000, 160801.000000, 35773.000000, 
656412.000000, 123780.000000, 172038.000000, 149660.000000, 77255.000000, 92717.000000, 36600.000000, 4362.000000, 
0.550000, 0.800000, 0.740000, 0.650000, 0.670000, 0.340000, 0.230000, 0.120000, 
82320.000000, 3655.000000, 46550.000000, 32115.000000, 

1022908.000000, 96397.000000, 173713.000000, 183465.000000, 186342.000000, 211257.000000, 133938.000000, 37796.000000, 
336280.000000, 219782.000000, 10423.000000, 22016.000000, 11180.000000, 25349.000000, 38838.000000, 8692.000000, 
437790.000000, 156496.000000, 171533.000000, 45754.000000, 25627.000000, 27308.000000, 10256.000000, 816.000000, 
1.000000, 0.710000, 1.000000, 1.000000, 1.000000, 1.000000, 0.260000, 0.090000, 
212894.000000, 96396.000000, 10423.000000, 22016.000000, 11180.000000, 25349.000000, 38838.000000, 8692.000000, 
263368.000000, 62733.000000, 93988.000000, 44217.000000, 24902.000000, 26652.000000, 10068.000000, 808.000000, 
1.000000, 0.650000, 1.000000, 1.000000, 1.000000, 1.000000, 0.260000, 0.090000, 
21050.000000, 2385.000000, 14928.000000, 3737.000000, 

117130.000000, 7607.000000, 15052.000000, 19556.000000, 23032.000000, 26800.000000, 17757.000000, 7326.000000, 
87499.000000, 15588.000000, 23781.000000, 15841.000000, 9444.000000, 13399.000000, 7102.000000, 2344.000000, 
82354.000000, 20926.000000, 27195.000000, 12370.000000, 6614.000000, 9162.000000, 5090.000000, 997.000000, 
0.940000, 1.000000, 1.000000, 0.780000, 0.700000, 0.680000, 0.720000, 0.430000, 
70788.000000, 7606.000000, 15052.000000, 15841.000000, 9444.000000, 13399.000000, 7102.000000, 2344.000000, 
48394.000000, 6405.000000, 11363.000000, 10815.000000, 6067.000000, 8338.000000, 4565.000000, 841.000000, 
0.680000, 0.840000, 0.750000, 0.680000, 0.640000, 0.620000, 0.640000, 0.360000, 
5923.000000, 448.000000, 4519.000000, 956.000000, 

145333.000000, 10835.000000, 21766.000000, 27340.000000, 28962.000000, 30996.000000, 19029.000000, 6405.000000, 
130085.000000, 34130.000000, 36132.000000, 22692.000000, 12164.000000, 15498.000000, 7612.000000, 1857.000000, 
53892.000000, 16452.000000, 22118.000000, 6673.000000, 3031.000000, 3811.000000, 1680.000000, 127.000000, 
0.410000, 0.480000, 0.610000, 0.290000, 0.250000, 0.250000, 0.220000, 0.070000, 
92424.000000, 10835.000000, 21766.000000, 22692.000000, 12164.000000, 15498.000000, 7612.000000, 1857.000000, 
30098.000000, 6019.000000, 10067.000000, 5959.000000, 2822.000000, 3540.000000, 1570.000000, 121.000000, 
0.330000, 0.560000, 0.460000, 0.260000, 0.230000, 0.230000, 0.210000, 0.070000, 
492.000000, 12.000000, 328.000000, 152.000000, 

1146996.000000, 80287.000000, 164665.000000, 200841.000000, 231972.000000, 256504.000000, 158219.000000, 54508.000000, 
1021781.000000, 255268.000000, 296285.000000, 180739.000000, 106687.000000, 92314.000000, 70865.000000, 19623.000000, 
1016446.000000, 292367.000000, 299313.000000, 170299.000000, 72084.000000, 109438.000000, 57456.000000, 15489.000000, 
0.990000, 1.000000, 1.000000, 0.940000, 0.680000, 1.000000, 0.810000, 0.790000, 
715180.000000, 80287.000000, 164665.000000, 180739.000000, 106687.000000, 92314.000000, 70865.000000, 19623.000000, 
521974.000000, 75351.000000, 120800.000000, 114326.000000, 58985.000000, 91352.000000, 45671.000000, 15489.000000, 
0.730000, 0.940000, 0.730000, 0.630000, 0.550000, 0.990000, 0.640000, 0.790000, 
148245.000000, 4609.000000, 73594.000000, 70042.000000, 

572672.000000, 38404.000000, 80697.000000, 103089.000000, 116142.000000, 128314.000000, 78585.000000, 27441.000000, 
493412.000000, 131726.000000, 130729.000000, 82471.000000, 46457.000000, 62874.000000, 30648.000000, 8507.000000, 
371401.000000, 95303.000000, 141896.000000, 50699.000000, 29895.000000, 34288.000000, 16442.000000, 2878.000000, 
0.750000, 0.720000, 1.000000, 0.610000, 0.640000, 0.550000, 0.540000, 0.340000, 
350058.000000, 38404.000000, 80697.000000, 82471.000000, 46457.000000, 62874.000000, 30648.000000, 8507.000000, 
194515.000000, 29112.000000, 55059.000000, 41272.000000, 24534.000000, 28368.000000, 13660.000000, 2510.000000, 
0.560000, 0.760000, 0.680000, 0.500000, 0.530000, 0.450000, 0.450000, 0.300000, 
13815.000000, 258.000000, 7696.000000, 5861.000000, 

214993.000000, 16508.000000, 30319.000000, 37275.000000, 40860.000000, 46384.000000, 30668.000000, 12979.000000, 
179541.000000, 48529.000000, 47268.000000, 29431.000000, 16332.000000, 22239.000000, 11636.000000, 4106.000000, 
381350.000000, 91875.000000, 110156.000000, 60659.000000, 32354.000000, 43580.000000, 29440.000000, 13286.000000, 
1.000000, 1.000000, 1.000000, 1.000000, 1.000000, 1.000000, 1.000000, 1.000000, 
130558.000000, 16508.000000, 30306.000000, 29431.000000, 16332.000000, 22239.000000, 11636.000000, 4106.000000, 
128260.000000, 15172.000000, 24951.000000, 25069.000000, 18051.000000, 22772.000000, 15163.000000, 7082.000000, 
0.980000, 0.920000, 0.820000, 0.850000, 1.000000, 1.000000, 1.000000, 1.000000, 
3742.000000, 67.000000, 2243.000000, 1432.000000, 

202917.000000, 16816.000000, 32942.000000, 38516.000000, 37427.000000, 39726.000000, 27198.000000, 10292.000000, 
214166.000000, 50277.000000, 52654.000000, 30401.000000, 14579.000000, 30944.000000, 29036.000000, 6275.000000, 
171222.000000, 46882.000000, 49103.000000, 24078.000000, 13791.000000, 17137.000000, 14039.000000, 6192.000000, 
0.800000, 0.930000, 0.930000, 0.790000, 0.950000, 0.550000, 0.480000, 0.990000, 
159071.000000, 16813.000000, 32918.000000, 30401.000000, 14579.000000, 30944.000000, 27141.000000, 6275.000000, 
97634.000000, 13610.000000, 21916.000000, 20343.000000, 12296.000000, 15011.000000, 10817.000000, 3641.000000, 
0.610000, 0.810000, 0.670000, 0.670000, 0.840000, 0.490000, 0.400000, 0.580000, 
18396.000000, 460.000000, 10849.000000, 7087.000000, 

340350.000000, 23464.000000, 42177.000000, 57319.000000, 67090.000000, 82406.000000, 54921.000000, 12973.000000, 
328315.000000, 60077.000000, 70272.000000, 47258.000000, 28250.000000, 69389.000000, 45093.000000, 7976.000000, 
226897.000000, 59978.000000, 70087.000000, 34898.000000, 15257.000000, 33460.000000, 12521.000000, 696.000000, 
0.690000, 1.000000, 1.000000, 0.740000, 0.540000, 0.480000, 0.280000, 0.090000, 
263607.000000, 23464.000000, 42177.000000, 47258.000000, 28250.000000, 69389.000000, 45093.000000, 7976.000000, 
125846.000000, 19459.000000, 27460.000000, 27776.000000, 12891.000000, 27319.000000, 10354.000000, 587.000000, 
0.480000, 0.830000, 0.650000, 0.590000, 0.460000, 0.390000, 0.230000, 0.070000, 
16735.000000, 533.000000, 9915.000000, 6287.000000, 

694224.000000, 43551.000000, 87240.000000, 116921.000000, 135807.000000, 163916.000000, 112135.000000, 34654.000000, 
615476.000000, 135852.000000, 158772.000000, 106387.000000, 62459.000000, 90136.000000, 50437.000000, 11433.000000, 
491723.000000, 132169.000000, 151653.000000, 80012.000000, 44530.000000, 52239.000000, 28504.000000, 2616.000000, 
0.800000, 0.970000, 0.960000, 0.750000, 0.710000, 0.580000, 0.570000, 0.230000, 
451643.000000, 43551.000000, 87240.000000, 106387.000000, 62459.000000, 90136.000000, 50437.000000, 11433.000000, 
270231.000000, 38174.000000, 61497.000000, 60747.000000, 38668.000000, 44607.000000, 24158.000000, 2380.000000, 
0.600000, 0.880000, 0.700000, 0.570000, 0.620000, 0.490000, 0.480000, 0.210000, 
56752.000000, 859.000000, 32472.000000, 23421.000000, 

482276.000000, 31953.000000, 63298.000000, 82071.000000, 93173.000000, 115726.000000, 73282.000000, 22773.000000, 
535733.000000, 99839.000000, 108296.000000, 70875.000000, 80392.000000, 100029.000000, 61239.000000, 15063.000000, 
398848.000000, 95195.000000, 122718.000000, 55101.000000, 40770.000000, 51213.000000, 28567.000000, 5284.000000, 
0.740000, 0.950000, 1.000000, 0.780000, 0.510000, 0.510000, 0.470000, 0.350000, 
422849.000000, 31953.000000, 63298.000000, 70875.000000, 80392.000000, 100029.000000, 61239.000000, 15063.000000, 
220050.000000, 25935.000000, 47225.000000, 43834.000000, 34520.000000, 42176.000000, 22243.000000, 4117.000000, 
0.520000, 0.810000, 0.750000, 0.620000, 0.430000, 0.420000, 0.360000, 0.270000, 
39012.000000, 739.000000, 22612.000000, 15661.000000, 

496021.000000, 30784.000000, 59761.000000, 76551.000000, 92985.000000, 118882.000000, 84972.000000, 32086.000000, 
510094.000000, 83117.000000, 98008.000000, 62006.000000, 76248.000000, 99861.000000, 69677.000000, 21177.000000, 
404236.000000, 90591.000000, 102171.000000, 50088.000000, 49126.000000, 64189.000000, 39869.000000, 8202.000000, 
0.790000, 1.000000, 1.000000, 0.810000, 0.640000, 0.640000, 0.570000, 0.390000, 
419514.000000, 30784.000000, 59761.000000, 62006.000000, 76248.000000, 99861.000000, 69677.000000, 21177.000000, 
243082.000000, 27672.000000, 41720.000000, 40321.000000, 41680.000000, 54120.000000, 31321.000000, 6248.000000, 
0.580000, 0.900000, 0.700000, 0.650000, 0.550000, 0.540000, 0.450000, 0.300000, 
58280.000000, 1280.000000, 29559.000000, 27441.000000, 

958135.000000, 62203.000000, 120674.000000, 157932.000000, 190029.000000, 232491.000000, 140120.000000, 54686.000000, 
776740.000000, 155297.000000, 204858.000000, 135627.000000, 81605.000000, 120750.000000, 58577.000000, 20026.000000, 
591853.000000, 177557.000000, 184676.000000, 84259.000000, 43121.000000, 60735.000000, 32769.000000, 8736.000000, 
0.760000, 1.000000, 0.900000, 0.620000, 0.530000, 0.500000, 0.560000, 0.440000, 
599462.000000, 62203.000000, 120674.000000, 135627.000000, 81605.000000, 120750.000000, 58577.000000, 20026.000000, 
276788.000000, 49578.000000, 67256.000000, 57337.000000, 30980.000000, 42928.000000, 22727.000000, 5982.000000, 
0.460000, 0.800000, 0.560000, 0.420000, 0.380000, 0.360000, 0.390000, 0.300000, 
76936.000000, 886.000000, 34212.000000, 41838.000000, 

391447.000000, 27277.000000, 54644.000000, 61514.000000, 69781.000000, 85765.000000, 61621.000000, 30845.000000, 
318446.000000, 68050.000000, 93033.000000, 49165.000000, 29010.000000, 42839.000000, 25269.000000, 11080.000000, 
252219.000000, 77129.000000, 85616.000000, 31750.000000, 14249.000000, 23372.000000, 14263.000000, 5840.000000, 
0.790000, 1.000000, 0.920000, 0.650000, 0.490000, 0.550000, 0.560000, 0.530000, 
239284.000000, 27277.000000, 54644.000000, 49165.000000, 29010.000000, 42839.000000, 25269.000000, 11080.000000, 
193650.000000, 23216.000000, 88675.000000, 28362.000000, 13426.000000, 21725.000000, 12897.000000, 5349.000000, 
0.810000, 0.850000, 1.000000, 0.580000, 0.460000, 0.510000, 0.510000, 0.480000, 
32195.000000, 726.000000, 21365.000000, 10104.000000, 

453186.000000, 78358.000000, 53319.000000, 70579.000000, 80751.000000, 93319.000000, 61579.000000, 15281.000000, 
581603.000000, 246828.000000, 68248.000000, 59992.000000, 68638.000000, 79321.000000, 48032.000000, 10544.000000, 
251461.000000, 129969.000000, 39279.000000, 35012.000000, 16477.000000, 17969.000000, 10255.000000, 2500.000000, 
0.430000, 0.530000, 0.580000, 0.580000, 0.240000, 0.230000, 0.210000, 0.240000, 
398204.000000, 78358.000000, 53319.000000, 59992.000000, 68638.000000, 79321.000000, 48032.000000, 10544.000000, 
120445.000000, 45944.000000, 21099.000000, 21807.000000, 10544.000000, 11544.000000, 7354.000000, 2153.000000, 
0.300000, 0.590000, 0.400000, 0.360000, 0.150000, 0.150000, 0.150000, 0.200000, 
47602.000000, 13065.000000, 16881.000000, 17656.000000, 

654873.000000, 39590.000000, 79976.000000, 110153.000000, 128715.000000, 156108.000000, 103463.000000, 36868.000000, 
530130.000000, 91057.000000, 140758.000000, 98036.000000, 57922.000000, 84298.000000, 45524.000000, 12535.000000, 
545211.000000, 141134.000000, 162694.000000, 85042.000000, 42348.000000, 56706.000000, 42092.000000, 15195.000000, 
1.000000, 1.000000, 1.000000, 0.870000, 0.730000, 0.670000, 0.920000, 1.000000, 
417881.000000, 39590.000000, 79976.000000, 98036.000000, 57922.000000, 84298.000000, 45524.000000, 12535.000000, 
253124.000000, 35736.000000, 57035.000000, 54498.000000, 30414.000000, 40310.000000, 26800.000000, 8331.000000, 
0.610000, 0.900000, 0.710000, 0.560000, 0.530000, 0.480000, 0.590000, 0.660000, 
33371.000000, 883.000000, 32488.000000, 0.000000, 

62678.000000, 4959.000000, 9406.000000, 11381.000000, 11410.000000, 13184.000000, 9102.000000, 3236.000000, 
51104.000000, 12154.000000, 14855.000000, 9101.000000, 4448.000000, 6185.000000, 3359.000000, 1002.000000, 
43671.000000, 15724.000000, 14094.000000, 5811.000000, 1881.000000, 3715.000000, 2151.000000, 295.000000, 
0.850000, 1.000000, 0.950000, 0.640000, 0.420000, 0.600000, 0.640000, 0.290000, 
38460.000000, 4959.000000, 9406.000000, 9101.000000, 4448.000000, 6185.000000, 3359.000000, 1002.000000, 
21016.000000, 4297.000000, 5964.000000, 4433.000000, 1535.000000, 2938.000000, 1618.000000, 231.000000, 
0.550000, 0.870000, 0.630000, 0.490000, 0.350000, 0.480000, 0.480000, 0.230000, 
391.000000, 3.000000, 200.000000, 188.000000, 

166725.000000, 12153.000000, 23807.000000, 29224.000000, 32747.000000, 35775.000000, 24170.000000, 8849.000000, 
154722.000000, 29760.000000, 37137.000000, 22791.000000, 12773.000000, 28254.000000, 18607.000000, 5400.000000, 
119197.000000, 39974.000000, 38555.000000, 14977.000000, 5262.000000, 11372.000000, 7683.000000, 1374.000000, 
0.770000, 1.000000, 1.000000, 0.660000, 0.410000, 0.400000, 0.410000, 0.250000, 
123785.000000, 12153.000000, 23807.000000, 22791.000000, 12773.000000, 28254.000000, 18607.000000, 5400.000000, 
65290.000000, 11811.000000, 17360.000000, 13025.000000, 4875.000000, 10350.000000, 6646.000000, 1223.000000, 
0.530000, 0.970000, 0.730000, 0.570000, 0.380000, 0.370000, 0.360000, 0.230000, 
7321.000000, 108.000000, 4639.000000, 2574.000000, 

146198.000000, 19876.000000, 22104.000000, 25568.000000, 27559.000000, 28780.000000, 16448.000000, 5863.000000, 
108498.000000, 61218.000000, 18567.000000, 13551.000000, 10748.000000, 2302.000000, 822.000000, 1290.000000, 
109679.000000, 30535.000000, 36183.000000, 17406.000000, 10944.000000, 9857.000000, 4115.000000, 639.000000, 
1.000000, 0.500000, 1.000000, 1.000000, 1.000000, 1.000000, 1.000000, 0.500000, 
67156.000000, 19876.000000, 18567.000000, 13551.000000, 10748.000000, 2302.000000, 822.000000, 1290.000000, 
47824.000000, 8919.000000, 13579.000000, 9797.000000, 6712.000000, 6003.000000, 2436.000000, 378.000000, 
0.710000, 0.450000, 0.730000, 0.720000, 0.620000, 1.000000, 1.000000, 0.290000, 
670.000000, 13.000000, 426.000000, 231.000000, 

500141.000000, 33845.000000, 74093.000000, 85405.000000, 99279.000000, 115245.000000, 71914.000000, 20360.000000, 
576965.000000, 101535.000000, 128922.000000, 75156.000000, 88358.000000, 103721.000000, 64003.000000, 15270.000000, 
418929.000000, 89912.000000, 130452.000000, 62810.000000, 42011.000000, 54572.000000, 34068.000000, 5104.000000, 
0.730000, 0.890000, 1.000000, 0.840000, 0.480000, 0.530000, 0.530000, 0.330000, 
454446.000000, 33845.000000, 74093.000000, 75156.000000, 88358.000000, 103721.000000, 64003.000000, 15270.000000, 
231333.000000, 29639.000000, 52572.000000, 44236.000000, 33611.000000, 42321.000000, 25095.000000, 3859.000000, 
0.510000, 0.880000, 0.710000, 0.590000, 0.380000, 0.410000, 0.390000, 0.250000, 
63828.000000, 2760.000000, 33083.000000, 27985.000000, 

319296.000000, 19793.000000, 40418.000000, 53718.000000, 62733.000000, 75836.000000, 51293.000000, 15505.000000, 
267199.000000, 60567.000000, 67902.000000, 45660.000000, 26975.000000, 39435.000000, 21543.000000, 5117.000000, 
171035.000000, 48769.000000, 54887.000000, 24773.000000, 13199.000000, 18417.000000, 9774.000000, 1216.000000, 
0.640000, 0.810000, 0.810000, 0.540000, 0.490000, 0.470000, 0.450000, 0.240000, 
198941.000000, 19793.000000, 40418.000000, 45660.000000, 26975.000000, 39435.000000, 21543.000000, 5117.000000, 
102439.000000, 16065.000000, 25530.000000, 21632.000000, 12314.000000, 16878.000000, 8897.000000, 1123.000000, 
0.510000, 0.810000, 0.630000, 0.470000, 0.460000, 0.430000, 0.410000, 0.220000, 
2438.000000, 75.000000, 1569.000000, 794.000000, 

2015608.000000, 138216.000000, 269899.000000, 322151.000000, 381935.000000, 452105.000000, 313476.000000, 137826.000000, 
1754233.000000, 562753.000000, 334172.000000, 275625.000000, 164845.000000, 234312.000000, 130833.000000, 51693.000000, 
3207445.000000, 430806.000000, 715884.000000, 559676.000000, 485963.000000, 517685.000000, 341243.000000, 156188.000000, 
1.000000, 0.770000, 1.000000, 1.000000, 1.000000, 1.000000, 1.000000, 1.000000, 
1265423.000000, 138216.000000, 269899.000000, 275625.000000, 164845.000000, 234312.000000, 130833.000000, 51693.000000, 
1130616.000000, 103303.000000, 186599.000000, 204415.000000, 203371.000000, 230108.000000, 143896.000000, 58924.000000, 
0.890000, 0.750000, 0.690000, 0.740000, 1.000000, 0.980000, 1.000000, 1.000000, 
0.000000, 0.000000, 0.000000, 0.000000, 

819202.000000, 65436.000000, 124741.000000, 148890.000000, 152068.000000, 174750.000000, 110721.000000, 42596.000000, 
589358.000000, 133406.000000, 206982.000000, 123487.000000, 31892.000000, 57554.000000, 22077.000000, 13960.000000, 
563245.000000, 202680.000000, 200401.000000, 77556.000000, 28367.000000, 35309.000000, 16994.000000, 1938.000000, 
0.960000, 1.000000, 0.970000, 0.630000, 0.890000, 0.610000, 0.770000, 0.140000, 
439140.000000, 65436.000000, 124734.000000, 123487.000000, 31892.000000, 57554.000000, 22077.000000, 13960.000000, 
302014.000000, 59271.000000, 90741.000000, 72249.000000, 27532.000000, 34051.000000, 16285.000000, 1885.000000, 
0.690000, 0.910000, 0.730000, 0.590000, 0.860000, 0.590000, 0.740000, 0.140000, 
44334.000000, 389.000000, 32405.000000, 11540.000000, 

38494.000000, 2935.000000, 5433.000000, 6953.000000, 7413.000000, 8079.000000, 5260.000000, 2421.000000, 
36702.000000, 6164.000000, 8150.000000, 5354.000000, 5634.000000, 6140.000000, 3735.000000, 1525.000000, 
20560.000000, 7326.000000, 5224.000000, 2656.000000, 1504.000000, 2268.000000, 1210.000000, 372.000000, 
0.560000, 1.000000, 0.640000, 0.500000, 0.270000, 0.370000, 0.320000, 0.240000, 
30756.000000, 2935.000000, 5433.000000, 5354.000000, 5634.000000, 6140.000000, 3735.000000, 1525.000000, 
11273.000000, 2176.000000, 2535.000000, 2145.000000, 1354.000000, 1825.000000, 949.000000, 289.000000, 
0.370000, 0.740000, 0.470000, 0.400000, 0.240000, 0.300000, 0.250000, 0.190000, 
923.000000, 27.000000, 616.000000, 280.000000, 

1103858.000000, 69818.000000, 141700.000000, 188427.000000, 218745.000000, 258004.000000, 165522.000000, 61642.000000, 
1148403.000000, 213643.000000, 182793.000000, 162047.000000, 188121.000000, 221883.000000, 137383.000000, 42533.000000, 
720957.000000, 173460.000000, 229699.000000, 120570.000000, 65969.000000, 83244.000000, 43734.000000, 4281.000000, 
0.630000, 0.810000, 1.000000, 0.740000, 0.350000, 0.380000, 0.320000, 0.100000, 
963485.000000, 69818.000000, 141700.000000, 162047.000000, 188121.000000, 221883.000000, 137383.000000, 42533.000000, 
437397.000000, 60249.000000, 103906.000000, 101125.000000, 58130.000000, 72779.000000, 37493.000000, 3715.000000, 
0.450000, 0.860000, 0.730000, 0.620000, 0.310000, 0.330000, 0.270000, 0.090000, 
56690.000000, 837.000000, 31095.000000, 24758.000000, 

272298.000000, 21622.000000, 41587.000000, 50839.000000, 51541.000000, 55588.000000, 38315.000000, 12806.000000, 
181840.000000, 48650.000000, 44914.000000, 36604.000000, 18555.000000, 16121.000000, 13410.000000, 3586.000000, 
136429.000000, 46108.000000, 51142.000000, 18189.000000, 7880.000000, 8990.000000, 3736.000000, 384.000000, 
0.750000, 0.950000, 1.000000, 0.500000, 0.420000, 0.560000, 0.280000, 0.110000, 
151485.000000, 21622.000000, 41587.000000, 36604.000000, 18555.000000, 16121.000000, 13410.000000, 3586.000000, 
77750.000000, 16921.000000, 25100.000000, 16317.000000, 7326.000000, 8300.000000, 3446.000000, 340.000000, 
0.510000, 0.780000, 0.600000, 0.450000, 0.390000, 0.510000, 0.260000, 0.090000, 
3331.000000, 81.000000, 2130.000000, 1120.000000, 

941719.000000, 50434.000000, 113879.000000, 148087.000000, 175730.000000, 218359.000000, 150534.000000, 84696.000000, 
858171.000000, 110920.000000, 188996.000000, 122833.000000, 73730.000000, 185327.000000, 122935.000000, 53430.000000, 
678664.000000, 138581.000000, 193742.000000, 92805.000000, 78822.000000, 100879.000000, 59326.000000, 14509.000000, 
0.790000, 1.000000, 1.000000, 0.760000, 1.000000, 0.540000, 0.480000, 0.270000, 
722568.000000, 50434.000000, 113879.000000, 122833.000000, 73730.000000, 185327.000000, 122935.000000, 53430.000000, 
412470.000000, 43571.000000, 84776.000000, 77059.000000, 64921.000000, 83442.000000, 48155.000000, 10546.000000, 
0.570000, 0.860000, 0.740000, 0.630000, 0.880000, 0.450000, 0.390000, 0.200000, 
133434.000000, 23550.000000, 79357.000000, 30527.000000, 

109989.000000, 6328.000000, 12637.000000, 17622.000000, 22156.000000, 27565.000000, 18186.000000, 5495.000000, 
118296.000000, 20120.000000, 17060.000000, 15860.000000, 19940.000000, 25083.000000, 16149.000000, 4084.000000, 
82669.000000, 19062.000000, 23553.000000, 10641.000000, 9875.000000, 12384.000000, 6173.000000, 981.000000, 
0.700000, 0.950000, 1.000000, 0.670000, 0.500000, 0.490000, 0.380000, 0.240000, 
100080.000000, 6327.000000, 12637.000000, 15860.000000, 19940.000000, 25083.000000, 16149.000000, 4084.000000, 
53242.000000, 5197.000000, 9971.000000, 9977.000000, 9577.000000, 11878.000000, 5742.000000, 900.000000, 
0.530000, 0.820000, 0.790000, 0.630000, 0.480000, 0.470000, 0.360000, 0.220000, 
7940.000000, 185.000000, 3818.000000, 3937.000000, 

641797.000000, 34788.000000, 75267.000000, 102533.000000, 128187.000000, 160922.000000, 106327.000000, 33773.000000, 
552995.000000, 129411.000000, 105427.000000, 99157.000000, 62421.000000, 92855.000000, 50890.000000, 12834.000000, 
273741.000000, 89760.000000, 106405.000000, 32892.000000, 16556.000000, 18449.000000, 9089.000000, 590.000000, 
0.500000, 0.690000, 1.000000, 0.330000, 0.270000, 0.200000, 0.180000, 0.050000, 
428212.000000, 34788.000000, 75267.000000, 99157.000000, 62421.000000, 92855.000000, 50890.000000, 12834.000000, 
130930.000000, 22682.000000, 41579.000000, 27513.000000, 14359.000000, 16239.000000, 8070.000000, 488.000000, 
0.310000, 0.650000, 0.550000, 0.280000, 0.230000, 0.170000, 0.160000, 0.040000, 
34579.000000, 707.000000, 26101.000000, 7771.000000, 

80188.000000, 5432.000000, 10839.000000, 13563.000000, 15524.000000, 18174.000000, 12860.000000, 3796.000000, 
86408.000000, 18252.000000, 17342.000000, 10986.000000, 12730.000000, 14903.000000, 10031.000000, 2164.000000, 
45065.000000, 13633.000000, 14148.000000, 5619.000000, 3059.000000, 4344.000000, 3432.000000, 830.000000, 
0.520000, 0.750000, 0.820000, 0.510000, 0.240000, 0.290000, 0.340000, 0.380000, 
67085.000000, 5432.000000, 10839.000000, 10986.000000, 12730.000000, 14903.000000, 10031.000000, 2164.000000, 
27584.000000, 4655.000000, 6855.000000, 5158.000000, 2878.000000, 4072.000000, 3174.000000, 792.000000, 
0.410000, 0.860000, 0.630000, 0.470000, 0.230000, 0.270000, 0.320000, 0.370000, 
873.000000, 8.000000, 582.000000, 283.000000, 

782057.000000, 45876.000000, 90259.000000, 124035.000000, 144621.000000, 177093.000000, 122832.000000, 77341.000000, 
707815.000000, 120864.000000, 115373.000000, 105392.000000, 61679.000000, 149986.000000, 102109.000000, 52412.000000, 
440539.000000, 75652.000000, 132658.000000, 82751.000000, 42937.000000, 57749.000000, 34210.000000, 14582.000000, 
0.620000, 0.630000, 1.000000, 0.790000, 0.700000, 0.390000, 0.340000, 0.280000, 
607713.000000, 45876.000000, 90259.000000, 105392.000000, 61679.000000, 149986.000000, 102109.000000, 52412.000000, 
263163.000000, 35052.000000, 56909.000000, 61267.000000, 32465.000000, 43007.000000, 24689.000000, 9774.000000, 
0.430000, 0.760000, 0.630000, 0.580000, 0.530000, 0.290000, 0.240000, 0.190000, 
36837.000000, 835.000000, 20054.000000, 15948.000000, 

2445943.000000, 239114.000000, 419301.000000, 458072.000000, 454731.000000, 463238.000000, 289554.000000, 121933.000000, 
2560175.000000, 715711.000000, 670377.000000, 361581.000000, 177048.000000, 360504.000000, 212971.000000, 61983.000000, 
1815005.000000, 581049.000000, 603564.000000, 238616.000000, 146708.000000, 167583.000000, 70890.000000, 6595.000000, 
0.710000, 0.810000, 0.900000, 0.660000, 0.830000, 0.460000, 0.330000, 0.110000, 
1831983.000000, 238877.000000, 419019.000000, 361581.000000, 177048.000000, 360504.000000, 212971.000000, 61983.000000, 
1098882.000000, 223304.000000, 293095.000000, 214052.000000, 139336.000000, 156209.000000, 66653.000000, 6233.000000, 
0.600000, 0.930000, 0.700000, 0.590000, 0.790000, 0.430000, 0.310000, 0.100000, 
198112.000000, 37901.000000, 102640.000000, 57571.000000, 

163122.000000, 30036.000000, 29161.000000, 31879.000000, 24863.000000, 23748.000000, 17211.000000, 6224.000000, 
231956.000000, 127753.000000, 40788.000000, 23229.000000, 8919.000000, 17227.000000, 10804.000000, 3236.000000, 
124270.000000, 79125.000000, 23211.000000, 12433.000000, 3592.000000, 3634.000000, 2114.000000, 161.000000, 
0.540000, 0.620000, 0.570000, 0.540000, 0.400000, 0.210000, 0.200000, 0.050000, 
122612.000000, 30036.000000, 29161.000000, 23229.000000, 8919.000000, 17227.000000, 10804.000000, 3236.000000, 
57460.000000, 24439.000000, 14760.000000, 9461.000000, 3366.000000, 3345.000000, 1933.000000, 156.000000, 
0.470000, 0.810000, 0.510000, 0.410000, 0.380000, 0.190000, 0.180000, 0.050000, 
2749.000000, 559.000000, 1636.000000, 554.000000, 

72160.000000, 3512.000000, 7699.000000, 11076.000000, 14228.000000, 18623.000000, 12812.000000, 4210.000000, 
32157.000000, 3665.000000, 7222.000000, 6082.000000, 3981.000000, 6513.000000, 3688.000000, 1006.000000, 
48188.000000, 9240.000000, 16783.000000, 6610.000000, 4985.000000, 6177.000000, 3934.000000, 459.000000, 
1.000000, 1.000000, 1.000000, 1.000000, 1.000000, 0.950000, 1.000000, 0.460000, 
31986.000000, 3494.000000, 7222.000000, 6082.000000, 3981.000000, 6513.000000, 3688.000000, 1006.000000, 
27981.000000, 2464.000000, 6002.000000, 5699.000000, 4412.000000, 5605.000000, 3392.000000, 407.000000, 
0.870000, 0.710000, 0.830000, 0.940000, 1.000000, 0.860000, 0.920000, 0.400000, 
75.000000, 1.000000, 58.000000, 16.000000, 

466705.000000, 72265.000000, 57645.000000, 74014.000000, 87816.000000, 104683.000000, 62862.000000, 7420.000000, 
431251.000000, 212339.000000, 76086.000000, 44406.000000, 30735.000000, 45014.000000, 20741.000000, 1930.000000, 
273496.000000, 156284.000000, 35320.000000, 34307.000000, 15609.000000, 21595.000000, 9495.000000, 886.000000, 
0.630000, 0.740000, 0.460000, 0.770000, 0.510000, 0.480000, 0.460000, 0.460000, 
272732.000000, 72263.000000, 57643.000000, 44406.000000, 30735.000000, 45014.000000, 20741.000000, 1930.000000, 
153063.000000, 54910.000000, 26219.000000, 29525.000000, 14151.000000, 19129.000000, 8345.000000, 784.000000, 
0.560000, 0.760000, 0.450000, 0.660000, 0.460000, 0.420000, 0.400000, 0.410000, 
14597.000000, 5210.000000, 5028.000000, 4359.000000, 

659843.000000, 35744.000000, 84489.000000, 115112.000000, 134749.000000, 155137.000000, 103160.000000, 31452.000000, 
471351.000000, 98293.000000, 73501.000000, 101295.000000, 88929.000000, 54290.000000, 44350.000000, 10693.000000, 
309330.000000, 71544.000000, 109045.000000, 48050.000000, 26178.000000, 34949.000000, 17518.000000, 2046.000000, 
0.660000, 0.730000, 1.000000, 0.470000, 0.290000, 0.640000, 0.390000, 0.190000, 
408802.000000, 35744.000000, 73501.000000, 101295.000000, 88929.000000, 54290.000000, 44350.000000, 10693.000000, 
202440.000000, 27747.000000, 55493.000000, 43738.000000, 24709.000000, 32746.000000, 16228.000000, 1779.000000, 
0.500000, 0.780000, 0.750000, 0.430000, 0.280000, 0.600000, 0.370000, 0.170000, 
12.000000, 1.000000, 5.000000, 6.000000, 

216516.000000, 14078.000000, 26842.000000, 35854.000000, 41244.000000, 50359.000000, 36541.000000, 11598.000000, 
235706.000000, 42234.000000, 54486.000000, 29400.000000, 33816.000000, 41287.000000, 27768.000000, 6715.000000, 
165747.000000, 41450.000000, 53135.000000, 24043.000000, 15994.000000, 18570.000000, 11035.000000, 1520.000000, 
0.700000, 0.980000, 0.980000, 0.820000, 0.470000, 0.450000, 0.400000, 0.230000, 
179905.000000, 14078.000000, 26841.000000, 29400.000000, 33816.000000, 41287.000000, 27768.000000, 6715.000000, 
89586.000000, 12782.000000, 20126.000000, 18122.000000, 13441.000000, 15340.000000, 8627.000000, 1148.000000, 
0.500000, 0.910000, 0.750000, 0.620000, 0.400000, 0.370000, 0.310000, 0.170000, 
16756.000000, 2312.000000, 9065.000000, 5379.000000, 

436630.000000, 28770.000000, 57071.000000, 74377.000000, 81184.000000, 94203.000000, 70767.000000, 30258.000000, 
351173.000000, 71926.000000, 97132.000000, 63881.000000, 33905.000000, 47091.000000, 27568.000000, 9670.000000, 
380879.000000, 77894.000000, 110865.000000, 73343.000000, 34448.000000, 47091.000000, 27568.000000, 9670.000000, 
1.000000, 1.000000, 1.000000, 1.000000, 1.000000, 1.000000, 1.000000, 1.000000, 
267956.000000, 28770.000000, 57071.000000, 63881.000000, 33905.000000, 47091.000000, 27568.000000, 9670.000000, 
147494.000000, 23358.000000, 36222.000000, 30832.000000, 20224.000000, 23041.000000, 12018.000000, 1799.000000, 
0.550000, 0.810000, 0.630000, 0.480000, 0.600000, 0.490000, 0.440000, 0.190000, 
38975.000000, 940.000000, 24123.000000, 13912.000000, 

50993.000000, 4268.000000, 7701.000000, 9451.000000, 9569.000000, 10302.000000, 7129.000000, 2573.000000, 
53869.000000, 14938.000000, 12322.000000, 7655.000000, 3828.000000, 8036.000000, 5418.000000, 1672.000000, 
29817.000000, 11846.000000, 10142.000000, 3340.000000, 1163.000000, 2083.000000, 1124.000000, 119.000000, 
0.550000, 0.790000, 0.820000, 0.440000, 0.300000, 0.260000, 0.210000, 0.070000, 
38578.000000, 4268.000000, 7701.000000, 7655.000000, 3828.000000, 8036.000000, 5418.000000, 1672.000000, 
14850.000000, 3544.000000, 4497.000000, 2888.000000, 1028.000000, 1852.000000, 933.000000, 108.000000, 
0.380000, 0.830000, 0.580000, 0.380000, 0.270000, 0.230000, 0.170000, 0.060000, 
0.000000, 0.000000, 0.000000, 0.000000, 

