491853.000000, 36660.000000, 67394.000000, 88113.000000, 94101.000000, 103810.000000, 70288.000000, 31487.000000, 
575861.000000, 137475.000000, 114570.000000, 74896.000000, 79986.000000, 88239.000000, 58339.000000, 22356.000000, 
311981.000000, 127329.000000, 68583.000000, 43450.000000, 28089.000000, 30810.000000, 13265.000000, 455.000000, 
0.540000, 0.930000, 0.600000, 0.580000, 0.350000, 0.350000, 0.230000, 0.020000, 
427870.000000, 36660.000000, 67394.000000, 74896.000000, 79986.000000, 88239.000000, 58339.000000, 22356.000000, 
202525.000000, 45771.000000, 45101.000000, 41684.000000, 27034.000000, 29591.000000, 12898.000000, 446.000000, 
0.470000, 1.000000, 0.670000, 0.560000, 0.340000, 0.340000, 0.220000, 0.020000, 
34360.000000, 5661.000000, 18718.000000, 9981.000000, 

88347.000000, 5823.000000, 11203.000000, 14405.000000, 16794.000000, 20709.000000, 15153.000000, 4260.000000, 
67884.000000, 14849.000000, 17477.000000, 11380.000000, 6886.000000, 10147.000000, 5910.000000, 1235.000000, 
46828.000000, 16272.000000, 13392.000000, 7110.000000, 3118.000000, 3916.000000, 2758.000000, 262.000000, 
0.690000, 1.000000, 0.770000, 0.620000, 0.450000, 0.390000, 0.470000, 0.210000, 
52584.000000, 5823.000000, 11203.000000, 11380.000000, 6886.000000, 10147.000000, 5910.000000, 1235.000000, 
26881.000000, 4842.000000, 6806.000000, 6016.000000, 2879.000000, 3609.000000, 2487.000000, 242.000000, 
0.510000, 0.830000, 0.610000, 0.530000, 0.420000, 0.360000, 0.420000, 0.200000, 
7.000000, 1.000000, 2.000000, 4.000000, 

670534.000000, 54047.000000, 97216.000000, 113875.000000, 115746.000000, 136397.000000, 116432.000000, 36821.000000, 
545106.000000, 149170.000000, 147768.000000, 87684.000000, 43983.000000, 62743.000000, 43080.000000, 10678.000000, 
503677.000000, 187491.000000, 162251.000000, 62914.000000, 33152.000000, 35772.000000, 18920.000000, 3177.000000, 
0.920000, 1.000000, 1.000000, 0.720000, 0.750000, 0.570000, 0.440000, 0.300000, 
399431.000000, 54047.000000, 97216.000000, 87684.000000, 43983.000000, 62743.000000, 43080.000000, 10678.000000, 
241963.000000, 51326.000000, 66399.000000, 49268.000000, 27233.000000, 29519.000000, 15395.000000, 2823.000000, 
0.610000, 0.950000, 0.680000, 0.560000, 0.620000, 0.470000, 0.360000, 0.260000, 
21676.000000, 945.000000, 13522.000000, 7209.000000, 

379001.000000, 50963.000000, 45713.000000, 62654.000000, 65379.000000, 73770.000000, 56618.000000, 23904.000000, 
453179.000000, 204885.000000, 58953.000000, 36317.000000, 27446.000000, 61896.000000, 44117.000000, 19565.000000, 
127968.000000, 77812.000000, 17482.000000, 17125.000000, 5123.000000, 7449.000000, 2910.000000, 67.000000, 
0.280000, 0.380000, 0.300000, 0.470000, 0.190000, 0.120000, 0.070000, 0.000000, 
286017.000000, 50963.000000, 45713.000000, 36317.000000, 27446.000000, 61896.000000, 44117.000000, 19565.000000, 
71657.000000, 25041.000000, 13942.000000, 17125.000000, 5123.000000, 7449.000000, 2910.000000, 67.000000, 
0.250000, 0.490000, 0.300000, 0.470000, 0.190000, 0.120000, 0.070000, 0.000000, 
2500.000000, 244.000000, 1393.000000, 863.000000, 

4252237.000000, 303994.000000, 591365.000000, 742226.000000, 824218.000000, 955469.000000, 600774.000000, 234191.000000, 
4242233.000000, 964690.000000, 923524.000000, 577965.000000, 337930.000000, 774924.000000, 484005.000000, 179195.000000, 
2481189.000000, 491432.000000, 889167.000000, 456671.000000, 238607.000000, 248611.000000, 130960.000000, 25741.000000, 
0.580000, 0.510000, 0.960000, 0.790000, 0.710000, 0.320000, 0.270000, 0.140000, 
3249378.000000, 303994.000000, 591365.000000, 577965.000000, 337930.000000, 774924.000000, 484005.000000, 179195.000000, 
1481723.000000, 230414.000000, 394539.000000, 342437.000000, 191860.000000, 200035.000000, 104254.000000, 18184.000000, 
0.460000, 0.760000, 0.670000, 0.590000, 0.570000, 0.260000, 0.220000, 0.100000, 
410082.000000, 4100.000000, 256424.000000, 149558.000000, 

303090.000000, 29171.000000, 52904.000000, 58768.000000, 54590.000000, 55854.000000, 37178.000000, 14625.000000, 
386656.000000, 105016.000000, 100518.000000, 54654.000000, 25657.000000, 53061.000000, 35319.000000, 12431.000000, 
253854.000000, 86096.000000, 91833.000000, 32067.000000, 15794.000000, 16898.000000, 8939.000000, 2227.000000, 
0.660000, 0.820000, 0.910000, 0.590000, 0.620000, 0.320000, 0.250000, 0.180000, 
263197.000000, 29171.000000, 52904.000000, 54654.000000, 25657.000000, 53061.000000, 35319.000000, 12431.000000, 
127492.000000, 24554.000000, 38185.000000, 27025.000000, 13699.000000, 14475.000000, 7582.000000, 1972.000000, 
0.480000, 0.840000, 0.720000, 0.490000, 0.530000, 0.270000, 0.210000, 0.160000, 
8425.000000, 100.000000, 6442.000000, 1883.000000, 

274773.000000, 15795.000000, 32297.000000, 45024.000000, 53922.000000, 66275.000000, 45658.000000, 15802.000000, 
285464.000000, 48333.000000, 58781.000000, 40972.000000, 36667.000000, 48381.000000, 40636.000000, 11694.000000, 
219217.000000, 47382.000000, 64145.000000, 31923.000000, 22292.000000, 30473.000000, 19302.000000, 3700.000000, 
0.770000, 0.980000, 1.000000, 0.780000, 0.610000, 0.630000, 0.470000, 0.320000, 
226442.000000, 15795.000000, 32297.000000, 40972.000000, 36667.000000, 48381.000000, 40636.000000, 11694.000000, 
137361.000000, 13591.000000, 26021.000000, 28519.000000, 20996.000000, 28482.000000, 16768.000000, 2984.000000, 
0.610000, 0.860000, 0.810000, 0.700000, 0.570000, 0.590000, 0.410000, 0.260000, 
33835.000000, 2351.000000, 18006.000000, 13478.000000, 

79449.000000, 5856.000000, 11106.000000, 13931.000000, 14873.000000, 17501.000000, 11925.000000, 4257.000000, 
56128.000000, 16163.000000, 13883.000000, 7662.000000, 6098.000000, 8575.000000, 2385.000000, 1362.000000, 
22528.000000, 9551.000000, 5158.000000, 2175.000000, 1932.000000, 2346.000000, 1129.000000, 237.000000, 
0.400000, 0.590000, 0.370000, 0.280000, 0.320000, 0.270000, 0.470000, 0.170000, 
43044.000000, 5856.000000, 11106.000000, 7662.000000, 6098.000000, 8575.000000, 2385.000000, 1362.000000, 
13641.000000, 4370.000000, 2793.000000, 1905.000000, 1523.000000, 1894.000000, 945.000000, 211.000000, 
0.320000, 0.750000, 0.250000, 0.250000, 0.250000, 0.220000, 0.400000, 0.150000, 
996.000000, 39.000000, 699.000000, 258.000000, 

90822.000000, 5059.000000, 10154.000000, 14293.000000, 18045.000000, 24022.000000, 13849.000000, 5400.000000, 
82505.000000, 12922.000000, 15763.000000, 11420.000000, 7344.000000, 18535.000000, 12618.000000, 3903.000000, 
90712.000000, 13968.000000, 24165.000000, 15437.000000, 12286.000000, 13800.000000, 8746.000000, 2310.000000, 
1.000000, 1.000000, 1.000000, 1.000000, 1.000000, 0.740000, 0.690000, 0.590000, 
68562.000000, 5059.000000, 9683.000000, 11420.000000, 7344.000000, 18535.000000, 12618.000000, 3903.000000, 
49951.000000, 3828.000000, 7631.000000, 9450.000000, 9651.000000, 11293.000000, 6674.000000, 1424.000000, 
0.730000, 0.760000, 0.790000, 0.830000, 1.000000, 0.610000, 0.530000, 0.360000, 
9860.000000, 404.000000, 4291.000000, 5165.000000, 

1626835.000000, 167705.000000, 243423.000000, 290666.000000, 302866.000000, 343016.000000, 220407.000000, 58752.000000, 
1788486.000000, 543483.000000, 398063.000000, 243828.000000, 120761.000000, 273166.000000, 170785.000000, 38400.000000, 
1181337.000000, 369907.000000, 372700.000000, 180686.000000, 95199.000000, 109232.000000, 47688.000000, 5925.000000, 
0.660000, 0.680000, 0.940000, 0.740000, 0.790000, 0.400000, 0.280000, 0.150000, 
1257940.000000, 167705.000000, 243295.000000, 243828.000000, 120761.000000, 273166.000000, 170785.000000, 38400.000000, 
703191.000000, 137071.000000, 178064.000000, 156373.000000, 86729.000000, 97938.000000, 42147.000000, 4869.000000, 
0.560000, 0.820000, 0.730000, 0.640000, 0.720000, 0.360000, 0.250000, 0.130000, 
75257.000000, 3201.000000, 42155.000000, 29901.000000, 

1109058.000000, 102577.000000, 179746.000000, 204631.000000, 202098.000000, 226986.000000, 150616.000000, 42404.000000, 
1172450.000000, 529288.000000, 240858.000000, 157563.000000, 76796.000000, 104402.000000, 54214.000000, 9329.000000, 
583991.000000, 272509.000000, 145014.000000, 83217.000000, 32925.000000, 37206.000000, 12518.000000, 602.000000, 
0.500000, 0.510000, 0.600000, 0.530000, 0.430000, 0.360000, 0.230000, 0.060000, 
684625.000000, 102576.000000, 179745.000000, 157563.000000, 76796.000000, 104402.000000, 54214.000000, 9329.000000, 
341595.000000, 67515.000000, 109141.000000, 79762.000000, 34008.000000, 35675.000000, 14303.000000, 1191.000000, 
0.500000, 0.660000, 0.610000, 0.510000, 0.440000, 0.340000, 0.260000, 0.130000, 
23113.000000, 1403.000000, 18385.000000, 3325.000000, 

121477.000000, 8132.000000, 15711.000000, 20129.000000, 23378.000000, 27822.000000, 18740.000000, 7565.000000, 
91256.000000, 17071.000000, 24822.000000, 16305.000000, 9586.000000, 13631.000000, 7496.000000, 2345.000000, 
81758.000000, 21635.000000, 27217.000000, 12194.000000, 6324.000000, 8488.000000, 4985.000000, 915.000000, 
0.900000, 1.000000, 1.000000, 0.750000, 0.660000, 0.620000, 0.670000, 0.390000, 
73205.000000, 8131.000000, 15711.000000, 16305.000000, 9586.000000, 13631.000000, 7496.000000, 2345.000000, 
48795.000000, 6925.000000, 11700.000000, 10946.000000, 5956.000000, 7981.000000, 4510.000000, 777.000000, 
0.670000, 0.850000, 0.740000, 0.670000, 0.620000, 0.590000, 0.600000, 0.330000, 
5909.000000, 415.000000, 4579.000000, 915.000000, 

149986.000000, 10250.000000, 22190.000000, 28400.000000, 30396.000000, 31969.000000, 20193.000000, 6588.000000, 
136923.000000, 35875.000000, 37279.000000, 24140.000000, 13070.000000, 16304.000000, 8279.000000, 1976.000000, 
33108.000000, 13379.000000, 10494.000000, 4103.000000, 1950.000000, 2199.000000, 917.000000, 66.000000, 
0.240000, 0.370000, 0.280000, 0.170000, 0.150000, 0.130000, 0.110000, 0.030000, 
96209.000000, 10250.000000, 22190.000000, 24140.000000, 13070.000000, 16304.000000, 8279.000000, 1976.000000, 
21971.000000, 5663.000000, 7442.000000, 3931.000000, 1880.000000, 2112.000000, 880.000000, 63.000000, 
0.230000, 0.550000, 0.340000, 0.160000, 0.140000, 0.130000, 0.110000, 0.030000, 
690.000000, 21.000000, 488.000000, 181.000000, 

1209580.000000, 75299.000000, 172065.000000, 218635.000000, 244399.000000, 274028.000000, 170347.000000, 54807.000000, 
1075260.000000, 234867.000000, 306065.000000, 194379.000000, 107443.000000, 142370.000000, 71502.000000, 18634.000000, 
1033283.000000, 366677.000000, 232021.000000, 176935.000000, 67319.000000, 126408.000000, 53575.000000, 10348.000000, 
0.960000, 1.000000, 0.760000, 0.910000, 0.630000, 0.890000, 0.750000, 0.560000, 
781692.000000, 75299.000000, 172065.000000, 194379.000000, 107443.000000, 142370.000000, 71502.000000, 18634.000000, 
519329.000000, 64837.000000, 124222.000000, 123873.000000, 55150.000000, 95445.000000, 42817.000000, 12985.000000, 
0.660000, 0.860000, 0.720000, 0.640000, 0.510000, 0.670000, 0.600000, 0.700000, 
134760.000000, 17298.000000, 55961.000000, 61501.000000, 

593195.000000, 40815.000000, 81727.000000, 105894.000000, 120131.000000, 132242.000000, 83572.000000, 28814.000000, 
509829.000000, 137138.000000, 132398.000000, 84715.000000, 49254.000000, 64799.000000, 32593.000000, 8932.000000, 
369586.000000, 102216.000000, 137892.000000, 49042.000000, 28832.000000, 32028.000000, 16565.000000, 3011.000000, 
0.720000, 0.750000, 1.000000, 0.580000, 0.590000, 0.490000, 0.510000, 0.340000, 
362835.000000, 40815.000000, 81727.000000, 84715.000000, 49254.000000, 64799.000000, 32593.000000, 8932.000000, 
194891.000000, 30986.000000, 54088.000000, 40625.000000, 24716.000000, 27626.000000, 14175.000000, 2675.000000, 
0.540000, 0.760000, 0.660000, 0.480000, 0.500000, 0.430000, 0.430000, 0.300000, 
10842.000000, 308.000000, 6694.000000, 3840.000000, 

228738.000000, 17590.000000, 31695.000000, 39840.000000, 43717.000000, 48836.000000, 33314.000000, 13746.000000, 
192702.000000, 51679.000000, 50048.000000, 31854.000000, 17910.000000, 23898.000000, 12966.000000, 4347.000000, 
429135.000000, 89359.000000, 103869.000000, 70428.000000, 55822.000000, 59233.000000, 35658.000000, 14766.000000, 
1.000000, 1.000000, 1.000000, 1.000000, 1.000000, 1.000000, 1.000000, 1.000000, 
140251.000000, 17590.000000, 31686.000000, 31854.000000, 17910.000000, 23898.000000, 12966.000000, 4347.000000, 
141222.000000, 16092.000000, 26308.000000, 27362.000000, 21103.000000, 25647.000000, 17216.000000, 7494.000000, 
1.000000, 0.910000, 0.830000, 0.860000, 1.000000, 1.000000, 1.000000, 1.000000, 
3545.000000, 45.000000, 2037.000000, 1463.000000, 

212357.000000, 17740.000000, 34010.000000, 40801.000000, 39430.000000, 40963.000000, 28774.000000, 10639.000000, 
216575.000000, 54110.000000, 54367.000000, 32199.000000, 15361.000000, 32320.000000, 21843.000000, 6375.000000, 
436176.000000, 70350.000000, 124122.000000, 77342.000000, 51392.000000, 51007.000000, 45443.000000, 16520.000000, 
1.000000, 1.000000, 1.000000, 1.000000, 1.000000, 1.000000, 1.000000, 1.000000, 
159831.000000, 17740.000000, 33993.000000, 32199.000000, 15361.000000, 32320.000000, 21843.000000, 6375.000000, 
139488.000000, 15530.000000, 26988.000000, 28839.000000, 22586.000000, 22716.000000, 17028.000000, 5801.000000, 
0.870000, 0.880000, 0.790000, 0.900000, 1.000000, 0.700000, 0.780000, 0.910000, 
18708.000000, 497.000000, 10869.000000, 7342.000000, 

318008.000000, 21230.000000, 39154.000000, 54115.000000, 63150.000000, 77506.000000, 52553.000000, 10300.000000, 
328659.000000, 61845.000000, 68992.000000, 47199.000000, 27855.000000, 68980.000000, 46247.000000, 7541.000000, 
198425.000000, 51943.000000, 61823.000000, 31057.000000, 13100.000000, 28754.000000, 11228.000000, 520.000000, 
0.600000, 0.840000, 0.900000, 0.660000, 0.470000, 0.420000, 0.240000, 0.070000, 
258206.000000, 21230.000000, 39154.000000, 47199.000000, 27855.000000, 68980.000000, 46247.000000, 7541.000000, 
114802.000000, 16677.000000, 26478.000000, 25321.000000, 11612.000000, 24590.000000, 9665.000000, 459.000000, 
0.440000, 0.790000, 0.680000, 0.540000, 0.420000, 0.360000, 0.210000, 0.060000, 
19909.000000, 664.000000, 12007.000000, 7238.000000, 

733403.000000, 45908.000000, 88976.000000, 123047.000000, 143143.000000, 173397.000000, 121209.000000, 37723.000000, 
655620.000000, 143201.000000, 165483.000000, 114423.000000, 67265.000000, 97074.000000, 55730.000000, 12444.000000, 
569594.000000, 149143.000000, 168632.000000, 91911.000000, 53135.000000, 64789.000000, 38315.000000, 3669.000000, 
0.870000, 1.000000, 1.000000, 0.800000, 0.790000, 0.670000, 0.690000, 0.290000, 
481820.000000, 45908.000000, 88976.000000, 114423.000000, 67265.000000, 97074.000000, 55730.000000, 12444.000000, 
307671.000000, 41377.000000, 66061.000000, 68154.000000, 44630.000000, 53206.000000, 31043.000000, 3200.000000, 
0.640000, 0.900000, 0.740000, 0.600000, 0.660000, 0.550000, 0.560000, 0.260000, 
74095.000000, 1202.000000, 43900.000000, 28993.000000, 

493167.000000, 32483.000000, 64664.000000, 84233.000000, 94440.000000, 116384.000000, 77655.000000, 23308.000000, 
546077.000000, 101562.000000, 111849.000000, 71651.000000, 81219.000000, 100155.000000, 64670.000000, 14971.000000, 
422748.000000, 96724.000000, 135447.000000, 59517.000000, 42628.000000, 52379.000000, 30347.000000, 5706.000000, 
0.770000, 0.950000, 1.000000, 0.830000, 0.520000, 0.520000, 0.470000, 0.380000, 
429813.000000, 32483.000000, 64664.000000, 71651.000000, 81219.000000, 100155.000000, 64670.000000, 14971.000000, 
232184.000000, 26221.000000, 49872.000000, 47551.000000, 36197.000000, 43698.000000, 24197.000000, 4448.000000, 
0.540000, 0.810000, 0.770000, 0.660000, 0.450000, 0.440000, 0.370000, 0.300000, 
43615.000000, 863.000000, 25057.000000, 17695.000000, 

480203.000000, 29582.000000, 58922.000000, 74168.000000, 89055.000000, 113927.000000, 86012.000000, 28537.000000, 
491372.000000, 83421.000000, 94275.000000, 59334.000000, 72135.000000, 93420.000000, 69670.000000, 19117.000000, 
538298.000000, 120783.000000, 139969.000000, 68708.000000, 65272.000000, 81968.000000, 51990.000000, 9608.000000, 
1.000000, 1.000000, 1.000000, 1.000000, 0.900000, 0.880000, 0.750000, 0.500000, 
402180.000000, 29582.000000, 58922.000000, 59334.000000, 72135.000000, 93420.000000, 69670.000000, 19117.000000, 
296768.000000, 35696.000000, 50457.000000, 50869.000000, 51046.000000, 64056.000000, 37884.000000, 6760.000000, 
0.740000, 1.000000, 0.860000, 0.860000, 0.710000, 0.690000, 0.540000, 0.350000, 
72942.000000, 1241.000000, 36771.000000, 34930.000000, 

1006133.000000, 64426.000000, 123088.000000, 165253.000000, 196636.000000, 242077.000000, 154233.000000, 60420.000000, 
945911.000000, 164133.000000, 211522.000000, 141995.000000, 86419.000000, 169234.000000, 129032.000000, 43576.000000, 
564579.000000, 175933.000000, 166036.000000, 81392.000000, 42202.000000, 57744.000000, 33486.000000, 7786.000000, 
0.600000, 1.000000, 0.780000, 0.570000, 0.490000, 0.340000, 0.260000, 0.180000, 
757770.000000, 64426.000000, 123088.000000, 141995.000000, 86419.000000, 169234.000000, 129032.000000, 43576.000000, 
315160.000000, 52995.000000, 74498.000000, 66803.000000, 36512.000000, 49359.000000, 28197.000000, 6796.000000, 
0.420000, 0.820000, 0.610000, 0.470000, 0.420000, 0.290000, 0.220000, 0.160000, 
94289.000000, 864.000000, 43740.000000, 49685.000000, 

400984.000000, 28157.000000, 55947.000000, 63632.000000, 71681.000000, 86245.000000, 63395.000000, 31927.000000, 
325235.000000, 71664.000000, 91311.000000, 51284.000000, 29739.000000, 43595.000000, 26362.000000, 11280.000000, 
267879.000000, 81001.000000, 88514.000000, 34186.000000, 15713.000000, 25117.000000, 16547.000000, 6801.000000, 
0.820000, 1.000000, 0.970000, 0.670000, 0.530000, 0.580000, 0.630000, 0.600000, 
246364.000000, 28157.000000, 55947.000000, 51284.000000, 29739.000000, 43595.000000, 26362.000000, 11280.000000, 
246360.000000, 28157.000000, 55947.000000, 51284.000000, 29737.000000, 43594.000000, 26361.000000, 11280.000000, 
1.000000, 1.000000, 1.000000, 1.000000, 1.000000, 1.000000, 1.000000, 1.000000, 
37285.000000, 632.000000, 25151.000000, 11502.000000, 

460033.000000, 43148.000000, 71348.000000, 75930.000000, 82568.000000, 97207.000000, 66400.000000, 23432.000000, 
479052.000000, 107870.000000, 85618.000000, 63781.000000, 69357.000000, 81654.000000, 55776.000000, 14996.000000, 
192157.000000, 98181.000000, 35959.000000, 27120.000000, 11575.000000, 11597.000000, 6566.000000, 1159.000000, 
0.400000, 0.910000, 0.420000, 0.430000, 0.170000, 0.140000, 0.120000, 0.080000, 
400060.000000, 43148.000000, 71348.000000, 63781.000000, 69357.000000, 81654.000000, 55776.000000, 14996.000000, 
130003.000000, 28951.000000, 37457.000000, 28398.000000, 13752.000000, 12333.000000, 7267.000000, 1845.000000, 
0.320000, 0.670000, 0.520000, 0.450000, 0.200000, 0.150000, 0.130000, 0.120000, 
43898.000000, 4483.000000, 21599.000000, 17816.000000, 

684632.000000, 41501.000000, 82422.000000, 115028.000000, 134300.000000, 161650.000000, 111071.000000, 38660.000000, 
549101.000000, 97527.000000, 145063.000000, 101225.000000, 59092.000000, 85675.000000, 47761.000000, 12758.000000, 
590699.000000, 145523.000000, 174697.000000, 97995.000000, 47979.000000, 59997.000000, 47379.000000, 17129.000000, 
1.000000, 1.000000, 1.000000, 0.970000, 0.810000, 0.700000, 0.990000, 1.000000, 
430434.000000, 41501.000000, 82422.000000, 101225.000000, 59092.000000, 85675.000000, 47761.000000, 12758.000000, 
269259.000000, 37008.000000, 60735.000000, 58526.000000, 33050.000000, 41615.000000, 29308.000000, 9017.000000, 
0.630000, 0.890000, 0.740000, 0.580000, 0.560000, 0.490000, 0.610000, 0.710000, 
60715.000000, 856.000000, 33428.000000, 26431.000000, 

65113.000000, 5173.000000, 9700.000000, 11946.000000, 11969.000000, 13360.000000, 9522.000000, 3443.000000, 
53578.000000, 12662.000000, 15513.000000, 9673.000000, 4782.000000, 6267.000000, 3614.000000, 1067.000000, 
47659.000000, 16477.000000, 16012.000000, 6607.000000, 2224.000000, 3722.000000, 2313.000000, 304.000000, 
0.890000, 1.000000, 1.000000, 0.680000, 0.470000, 0.590000, 0.640000, 0.280000, 
40276.000000, 5173.000000, 9700.000000, 9673.000000, 4782.000000, 6267.000000, 3614.000000, 1067.000000, 
21845.000000, 4359.000000, 6117.000000, 4739.000000, 1710.000000, 2937.000000, 1756.000000, 227.000000, 
0.540000, 0.840000, 0.630000, 0.490000, 0.360000, 0.470000, 0.490000, 0.210000, 
257.000000, 13.000000, 137.000000, 107.000000, 

157025.000000, 12618.000000, 23395.000000, 28015.000000, 30301.000000, 33335.000000, 22924.000000, 6437.000000, 
158870.000000, 37838.000000, 37428.000000, 22412.000000, 12422.000000, 26997.000000, 18106.000000, 3667.000000, 
121717.000000, 42299.000000, 38694.000000, 15279.000000, 5130.000000, 11339.000000, 7843.000000, 1133.000000, 
0.770000, 1.000000, 1.000000, 0.680000, 0.410000, 0.420000, 0.430000, 0.310000, 
119617.000000, 12618.000000, 23395.000000, 22412.000000, 12422.000000, 26997.000000, 18106.000000, 3667.000000, 
62282.000000, 11512.000000, 16449.000000, 12615.000000, 4510.000000, 9865.000000, 6404.000000, 927.000000, 
0.520000, 0.910000, 0.700000, 0.560000, 0.360000, 0.370000, 0.350000, 0.250000, 
6203.000000, 92.000000, 3809.000000, 2302.000000, 

150620.000000, 13838.000000, 24778.000000, 27631.000000, 29397.000000, 31239.000000, 18586.000000, 5151.000000, 
117084.000000, 31827.000000, 34194.000000, 19342.000000, 10289.000000, 13433.000000, 6505.000000, 1494.000000, 
74664.000000, 20056.000000, 32156.000000, 10460.000000, 4981.000000, 4720.000000, 2043.000000, 248.000000, 
0.640000, 0.630000, 0.940000, 0.540000, 0.480000, 0.350000, 0.310000, 0.170000, 
89679.000000, 13838.000000, 24778.000000, 19342.000000, 10289.000000, 13433.000000, 6505.000000, 1494.000000, 
34475.000000, 8406.000000, 11714.000000, 6190.000000, 3462.000000, 3135.000000, 1380.000000, 188.000000, 
0.380000, 0.610000, 0.470000, 0.320000, 0.340000, 0.230000, 0.210000, 0.130000, 
296.000000, 10.000000, 165.000000, 121.000000, 

87471.000000, 5272.000000, 10321.000000, 14243.000000, 17621.000000, 21104.000000, 14475.000000, 4435.000000, 
79059.000000, 14960.000000, 16014.000000, 11005.000000, 6898.000000, 16739.000000, 11055.000000, 2388.000000, 
48345.000000, 12035.000000, 13244.000000, 6308.000000, 5518.000000, 6637.000000, 3811.000000, 792.000000, 
0.610000, 0.800000, 0.830000, 0.570000, 0.800000, 0.400000, 0.340000, 0.330000, 
63562.000000, 5272.000000, 10205.000000, 11005.000000, 6898.000000, 16739.000000, 11055.000000, 2388.000000, 
37234.000000, 4415.000000, 7234.000000, 7188.000000, 6184.000000, 7362.000000, 4106.000000, 745.000000, 
0.590000, 0.840000, 0.710000, 0.650000, 0.900000, 0.440000, 0.370000, 0.310000, 
4181.000000, 125.000000, 3263.000000, 793.000000, 

534765.000000, 37646.000000, 79207.000000, 95426.000000, 104287.000000, 119594.000000, 76968.000000, 21637.000000, 
620083.000000, 110679.000000, 137820.000000, 84929.000000, 93858.000000, 107635.000000, 68502.000000, 16660.000000, 
472510.000000, 103753.000000, 143191.000000, 75705.000000, 47249.000000, 55379.000000, 39945.000000, 7288.000000, 
0.760000, 0.940000, 1.000000, 0.890000, 0.500000, 0.510000, 0.580000, 0.440000, 
488437.000000, 37646.000000, 79207.000000, 84929.000000, 93858.000000, 107635.000000, 68502.000000, 16660.000000, 
264012.000000, 35668.000000, 57449.000000, 53516.000000, 38640.000000, 44459.000000, 29353.000000, 4927.000000, 
0.540000, 0.950000, 0.730000, 0.630000, 0.410000, 0.410000, 0.430000, 0.300000, 
70300.000000, 2202.000000, 35635.000000, 32463.000000, 

329214.000000, 20340.000000, 41389.000000, 55636.000000, 64424.000000, 76931.000000, 53923.000000, 16571.000000, 
276270.000000, 62240.000000, 70361.000000, 47847.000000, 27702.000000, 40004.000000, 22648.000000, 5468.000000, 
181880.000000, 51491.000000, 59438.000000, 26258.000000, 13817.000000, 18828.000000, 10644.000000, 1404.000000, 
0.660000, 0.830000, 0.840000, 0.550000, 0.500000, 0.470000, 0.470000, 0.260000, 
205398.000000, 20340.000000, 41389.000000, 47847.000000, 27702.000000, 40004.000000, 22648.000000, 5468.000000, 
101553.000000, 16192.000000, 26178.000000, 21391.000000, 11854.000000, 15903.000000, 8816.000000, 1219.000000, 
0.490000, 0.800000, 0.630000, 0.450000, 0.430000, 0.400000, 0.390000, 0.220000, 
3459.000000, 85.000000, 2078.000000, 1296.000000, 

2113319.000000, 144460.000000, 282230.000000, 332847.000000, 386892.000000, 468459.000000, 342604.000000, 155827.000000, 
1845693.000000, 602736.000000, 347805.000000, 280434.000000, 166696.000000, 242182.000000, 144872.000000, 60968.000000, 
4067150.000000, 514686.000000, 944038.000000, 706588.000000, 588930.000000, 649190.000000, 454940.000000, 208778.000000, 
1.000000, 0.850000, 1.000000, 1.000000, 1.000000, 1.000000, 1.000000, 1.000000, 
1321842.000000, 144460.000000, 282230.000000, 280434.000000, 166696.000000, 242182.000000, 144872.000000, 60968.000000, 
1247459.000000, 110535.000000, 201313.000000, 219292.000000, 218155.000000, 253907.000000, 171838.000000, 72419.000000, 
0.940000, 0.770000, 0.710000, 0.780000, 1.000000, 1.000000, 1.000000, 1.000000, 
0.000000, 0.000000, 0.000000, 0.000000, 

858750.000000, 68167.000000, 126087.000000, 157892.000000, 159840.000000, 181085.000000, 120665.000000, 45014.000000, 
613981.000000, 141717.000000, 209224.000000, 130984.000000, 33536.000000, 59678.000000, 24076.000000, 14766.000000, 
621282.000000, 323536.000000, 122012.000000, 80545.000000, 33109.000000, 41151.000000, 18878.000000, 2051.000000, 
1.000000, 1.000000, 0.580000, 0.610000, 0.990000, 0.690000, 0.780000, 0.140000, 
457294.000000, 68167.000000, 126087.000000, 130984.000000, 33536.000000, 59678.000000, 24076.000000, 14766.000000, 
331295.000000, 94282.000000, 74392.000000, 72580.000000, 31686.000000, 38821.000000, 17597.000000, 1937.000000, 
0.720000, 1.000000, 0.590000, 0.550000, 0.940000, 0.650000, 0.730000, 0.130000, 
59812.000000, 12135.000000, 36822.000000, 10855.000000, 

43893.000000, 3145.000000, 6026.000000, 7710.000000, 8495.000000, 9215.000000, 6359.000000, 2943.000000, 
38677.000000, 6537.000000, 8714.000000, 5636.000000, 5867.000000, 6298.000000, 4009.000000, 1616.000000, 
25647.000000, 8640.000000, 6212.000000, 3589.000000, 1952.000000, 2903.000000, 1862.000000, 489.000000, 
0.660000, 1.000000, 0.710000, 0.640000, 0.330000, 0.460000, 0.460000, 0.300000, 
32507.000000, 3145.000000, 5936.000000, 5636.000000, 5867.000000, 6298.000000, 4009.000000, 1616.000000, 
13482.000000, 2455.000000, 2851.000000, 2713.000000, 1637.000000, 2165.000000, 1299.000000, 362.000000, 
0.410000, 0.780000, 0.480000, 0.480000, 0.280000, 0.340000, 0.320000, 0.220000, 
990.000000, 40.000000, 688.000000, 262.000000, 

1154022.000000, 72592.000000, 143191.000000, 196375.000000, 228657.000000, 268113.000000, 178798.000000, 66296.000000, 
1208019.000000, 222132.000000, 187580.000000, 170846.000000, 198932.000000, 233258.000000, 150190.000000, 45081.000000, 
793233.000000, 197116.000000, 247621.000000, 130029.000000, 71447.000000, 91170.000000, 50947.000000, 4903.000000, 
0.660000, 0.890000, 1.000000, 0.760000, 0.360000, 0.390000, 0.340000, 0.110000, 
1014090.000000, 72592.000000, 143191.000000, 170846.000000, 198932.000000, 233258.000000, 150190.000000, 45081.000000, 
472785.000000, 65038.000000, 108951.000000, 108717.000000, 62864.000000, 79373.000000, 43648.000000, 4194.000000, 
0.470000, 0.900000, 0.760000, 0.640000, 0.320000, 0.340000, 0.290000, 0.090000, 
60027.000000, 1119.000000, 34412.000000, 24496.000000, 

460440.000000, 33758.000000, 64639.000000, 82999.000000, 90949.000000, 100852.000000, 67538.000000, 19705.000000, 
357295.000000, 82707.000000, 104715.000000, 68059.000000, 37289.000000, 32273.000000, 26340.000000, 5912.000000, 
215341.000000, 74113.000000, 68461.000000, 30009.000000, 15520.000000, 18078.000000, 8287.000000, 873.000000, 
0.600000, 0.900000, 0.650000, 0.440000, 0.420000, 0.560000, 0.310000, 0.150000, 
268270.000000, 33758.000000, 64639.000000, 68059.000000, 37289.000000, 32273.000000, 26340.000000, 5912.000000, 
126604.000000, 27935.000000, 34453.000000, 25488.000000, 14130.000000, 16350.000000, 7433.000000, 815.000000, 
0.470000, 0.830000, 0.530000, 0.370000, 0.380000, 0.510000, 0.280000, 0.140000, 
7969.000000, 195.000000, 5519.000000, 2255.000000, 

273778.000000, 22307.000000, 41491.000000, 50696.000000, 52349.000000, 55168.000000, 39232.000000, 12535.000000, 
185891.000000, 50191.000000, 46055.000000, 37008.000000, 18846.000000, 16550.000000, 13731.000000, 3510.000000, 
154894.000000, 52999.000000, 57470.000000, 20576.000000, 8930.000000, 9991.000000, 4538.000000, 390.000000, 
0.830000, 1.000000, 1.000000, 0.560000, 0.470000, 0.600000, 0.330000, 0.110000, 
153443.000000, 22307.000000, 41491.000000, 37008.000000, 18846.000000, 16550.000000, 13731.000000, 3510.000000, 
85075.000000, 18390.000000, 27015.000000, 18174.000000, 8116.000000, 8976.000000, 4062.000000, 342.000000, 
0.550000, 0.820000, 0.650000, 0.490000, 0.430000, 0.540000, 0.300000, 0.100000, 
4974.000000, 138.000000, 3323.000000, 1513.000000, 

1000603.000000, 54193.000000, 119539.000000, 157726.000000, 183039.000000, 228373.000000, 163631.000000, 94102.000000, 
926787.000000, 121915.000000, 200774.000000, 132408.000000, 78650.000000, 196163.000000, 135209.000000, 61668.000000, 
631082.000000, 150389.000000, 186818.000000, 82235.000000, 63843.000000, 79917.000000, 53562.000000, 14318.000000, 
0.680000, 1.000000, 0.930000, 0.620000, 0.810000, 0.410000, 0.400000, 0.230000, 
777830.000000, 54193.000000, 119539.000000, 132408.000000, 78650.000000, 196163.000000, 135209.000000, 61668.000000, 
386469.000000, 44994.000000, 84740.000000, 70594.000000, 57543.000000, 72053.000000, 45576.000000, 10969.000000, 
0.500000, 0.830000, 0.710000, 0.530000, 0.730000, 0.370000, 0.340000, 0.180000, 
97855.000000, 12949.000000, 61496.000000, 23410.000000, 

112508.000000, 6338.000000, 12828.000000, 17871.000000, 22267.000000, 28037.000000, 19349.000000, 5818.000000, 
121050.000000, 20535.000000, 17318.000000, 16083.000000, 20262.000000, 25513.000000, 17187.000000, 4152.000000, 
84877.000000, 19577.000000, 23528.000000, 10457.000000, 10340.000000, 12749.000000, 7126.000000, 1100.000000, 
0.700000, 0.950000, 1.000000, 0.650000, 0.510000, 0.500000, 0.410000, 0.260000, 
102363.000000, 6338.000000, 12828.000000, 16083.000000, 20262.000000, 25513.000000, 17187.000000, 4152.000000, 
55398.000000, 5475.000000, 9996.000000, 9931.000000, 10076.000000, 12299.000000, 6626.000000, 995.000000, 
0.540000, 0.860000, 0.780000, 0.620000, 0.500000, 0.480000, 0.390000, 0.240000, 
8832.000000, 154.000000, 4503.000000, 4175.000000, 

640690.000000, 36157.000000, 73551.000000, 102275.000000, 127642.000000, 157226.000000, 109919.000000, 33920.000000, 
537768.000000, 136673.000000, 101500.000000, 93070.000000, 58715.000000, 86474.000000, 49464.000000, 11872.000000, 
279844.000000, 97694.000000, 107780.000000, 33046.000000, 15543.000000, 16786.000000, 8585.000000, 410.000000, 
0.520000, 0.710000, 1.000000, 0.360000, 0.260000, 0.190000, 0.170000, 0.030000, 
409303.000000, 36157.000000, 73551.000000, 93070.000000, 58715.000000, 86474.000000, 49464.000000, 11872.000000, 
134710.000000, 25351.000000, 43206.000000, 28840.000000, 14085.000000, 15212.000000, 7663.000000, 353.000000, 
0.330000, 0.700000, 0.590000, 0.310000, 0.240000, 0.180000, 0.150000, 0.030000, 
19714.000000, 241.000000, 13630.000000, 5843.000000, 

83268.000000, 5753.000000, 11224.000000, 14181.000000, 16157.000000, 18514.000000, 13383.000000, 4056.000000, 
90624.000000, 19733.000000, 18183.000000, 11487.000000, 13249.000000, 15181.000000, 10439.000000, 2352.000000, 
48660.000000, 14570.000000, 14332.000000, 6313.000000, 3445.000000, 4975.000000, 4025.000000, 1000.000000, 
0.540000, 0.740000, 0.790000, 0.550000, 0.260000, 0.330000, 0.390000, 0.430000, 
69685.000000, 5753.000000, 11224.000000, 11487.000000, 13249.000000, 15181.000000, 10439.000000, 2352.000000, 
30233.000000, 4952.000000, 7072.000000, 5738.000000, 3235.000000, 4598.000000, 3691.000000, 947.000000, 
0.430000, 0.860000, 0.630000, 0.500000, 0.240000, 0.300000, 0.350000, 0.400000, 
783.000000, 8.000000, 487.000000, 288.000000, 

775232.000000, 49159.000000, 89465.000000, 122474.000000, 141136.000000, 169725.000000, 121594.000000, 81679.000000, 
719897.000000, 125192.000000, 117125.000000, 107318.000000, 61912.000000, 148098.000000, 104371.000000, 55881.000000, 
527845.000000, 111268.000000, 158823.000000, 88327.000000, 51300.000000, 64371.000000, 38633.000000, 15123.000000, 
0.730000, 0.890000, 1.000000, 0.820000, 0.830000, 0.430000, 0.370000, 0.270000, 
616125.000000, 49159.000000, 89386.000000, 107318.000000, 61912.000000, 148098.000000, 104371.000000, 55881.000000, 
292591.000000, 38116.000000, 62225.000000, 65974.000000, 39169.000000, 48357.000000, 28433.000000, 10317.000000, 
0.470000, 0.780000, 0.700000, 0.610000, 0.630000, 0.330000, 0.270000, 0.180000, 
41594.000000, 1006.000000, 24206.000000, 16382.000000, 

2712573.000000, 248413.000000, 452146.000000, 521164.000000, 512943.000000, 520192.000000, 327998.000000, 129717.000000, 
2802150.000000, 758773.000000, 723100.000000, 416739.000000, 199880.000000, 400069.000000, 238554.000000, 65035.000000, 
2087747.000000, 669939.000000, 687591.000000, 287396.000000, 164975.000000, 190757.000000, 81352.000000, 5737.000000, 
0.750000, 0.880000, 0.950000, 0.690000, 0.830000, 0.480000, 0.340000, 0.090000, 
2020420.000000, 248190.000000, 451953.000000, 416739.000000, 199880.000000, 400069.000000, 238554.000000, 65035.000000, 
1253626.000000, 245083.000000, 335365.000000, 256309.000000, 156493.000000, 178229.000000, 76613.000000, 5534.000000, 
0.620000, 0.990000, 0.740000, 0.620000, 0.780000, 0.450000, 0.320000, 0.090000, 
240317.000000, 39139.000000, 134944.000000, 66234.000000, 

172342.000000, 31605.000000, 30505.000000, 34348.000000, 27088.000000, 25276.000000, 17163.000000, 6357.000000, 
248373.000000, 136253.000000, 43276.000000, 25361.000000, 9982.000000, 18581.000000, 11612.000000, 3308.000000, 
137522.000000, 85594.000000, 26952.000000, 14457.000000, 4012.000000, 4049.000000, 2323.000000, 135.000000, 
0.550000, 0.630000, 0.620000, 0.570000, 0.400000, 0.220000, 0.200000, 0.040000, 
130954.000000, 31605.000000, 30505.000000, 25361.000000, 9982.000000, 18581.000000, 11612.000000, 3308.000000, 
64665.000000, 26128.000000, 16475.000000, 12499.000000, 3684.000000, 3684.000000, 2064.000000, 131.000000, 
0.490000, 0.830000, 0.540000, 0.490000, 0.370000, 0.200000, 0.180000, 0.040000, 
1472.000000, 407.000000, 671.000000, 394.000000, 

73351.000000, 3704.000000, 7663.000000, 11269.000000, 14292.000000, 18399.000000, 13346.000000, 4678.000000, 
33330.000000, 3863.000000, 7341.000000, 6299.000000, 4139.000000, 6622.000000, 3842.000000, 1224.000000, 
45800.000000, 9108.000000, 15545.000000, 6303.000000, 4583.000000, 5861.000000, 3841.000000, 559.000000, 
1.000000, 1.000000, 1.000000, 1.000000, 1.000000, 0.890000, 1.000000, 0.460000, 
33150.000000, 3683.000000, 7341.000000, 6299.000000, 4139.000000, 6622.000000, 3842.000000, 1224.000000, 
27801.000000, 2608.000000, 5919.000000, 5594.000000, 4262.000000, 5447.000000, 3461.000000, 510.000000, 
0.840000, 0.710000, 0.810000, 0.890000, 1.000000, 0.820000, 0.900000, 0.420000, 
94.000000, 0.000000, 80.000000, 14.000000, 

494199.000000, 75221.000000, 61758.000000, 80467.000000, 91991.000000, 111767.000000, 68515.000000, 4480.000000, 
466180.000000, 225505.000000, 83986.000000, 49888.000000, 33118.000000, 49177.000000, 23294.000000, 1212.000000, 
305474.000000, 169943.000000, 42429.000000, 38833.000000, 17287.000000, 24596.000000, 11820.000000, 566.000000, 
0.660000, 0.750000, 0.510000, 0.780000, 0.520000, 0.500000, 0.510000, 0.470000, 
293654.000000, 75209.000000, 61756.000000, 49888.000000, 33118.000000, 49177.000000, 23294.000000, 1212.000000, 
165012.000000, 54980.000000, 29785.000000, 32817.000000, 15471.000000, 21388.000000, 10086.000000, 485.000000, 
0.560000, 0.730000, 0.480000, 0.660000, 0.470000, 0.430000, 0.430000, 0.400000, 
18764.000000, 5899.000000, 5998.000000, 6867.000000, 

661357.000000, 37201.000000, 83673.000000, 115540.000000, 135052.000000, 153943.000000, 104755.000000, 31193.000000, 
459392.000000, 102293.000000, 69438.000000, 97039.000000, 85072.000000, 52325.000000, 42933.000000, 10292.000000, 
345966.000000, 86228.000000, 119378.000000, 53181.000000, 29706.000000, 37316.000000, 18320.000000, 1837.000000, 
0.750000, 0.840000, 1.000000, 0.550000, 0.350000, 0.710000, 0.430000, 0.180000, 
394300.000000, 37201.000000, 69438.000000, 97039.000000, 85072.000000, 52325.000000, 42933.000000, 10292.000000, 
216040.000000, 30711.000000, 56565.000000, 47967.000000, 27716.000000, 34675.000000, 16840.000000, 1566.000000, 
0.550000, 0.830000, 0.810000, 0.490000, 0.330000, 0.660000, 0.390000, 0.150000, 
183.000000, 7.000000, 129.000000, 47.000000, 

208841.000000, 13120.000000, 26219.000000, 35952.000000, 40956.000000, 48140.000000, 33322.000000, 11132.000000, 
212488.000000, 46838.000000, 44555.000000, 29455.000000, 16807.000000, 40095.000000, 27915.000000, 6823.000000, 
193051.000000, 40439.000000, 43677.000000, 34989.000000, 23385.000000, 32982.000000, 16504.000000, 1075.000000, 
0.910000, 0.860000, 0.980000, 1.000000, 1.000000, 0.820000, 0.590000, 0.160000, 
160171.000000, 13120.000000, 25956.000000, 29455.000000, 16807.000000, 40095.000000, 27915.000000, 6823.000000, 
89357.000000, 13024.000000, 20903.000000, 17589.000000, 13789.000000, 15428.000000, 7939.000000, 685.000000, 
0.560000, 0.990000, 0.810000, 0.600000, 0.820000, 0.380000, 0.280000, 0.100000, 
7482.000000, 725.000000, 4754.000000, 2003.000000, 

467934.000000, 30560.000000, 59191.000000, 79129.000000, 85281.000000, 98840.000000, 78491.000000, 36442.000000, 
379510.000000, 77928.000000, 101986.000000, 68678.000000, 36419.000000, 50397.000000, 31362.000000, 12740.000000, 
321617.000000, 92278.000000, 99634.000000, 44075.000000, 25706.000000, 29841.000000, 21704.000000, 8379.000000, 
0.850000, 1.000000, 0.980000, 0.640000, 0.710000, 0.590000, 0.690000, 0.660000, 
289347.000000, 30560.000000, 59191.000000, 68678.000000, 36419.000000, 50397.000000, 31362.000000, 12740.000000, 
189050.000000, 26202.000000, 42934.000000, 38985.000000, 24366.000000, 28171.000000, 20303.000000, 8089.000000, 
0.650000, 0.860000, 0.730000, 0.570000, 0.670000, 0.560000, 0.650000, 0.630000, 
52350.000000, 1041.000000, 32669.000000, 18640.000000, 

52770.000000, 3859.000000, 8176.000000, 9727.000000, 9892.000000, 10605.000000, 7696.000000, 2815.000000, 
54899.000000, 13777.000000, 13082.000000, 7879.000000, 3957.000000, 8484.000000, 6003.000000, 1717.000000, 
28292.000000, 11319.000000, 9791.000000, 3092.000000, 1046.000000, 1834.000000, 1121.000000, 89.000000, 
0.520000, 0.820000, 0.750000, 0.390000, 0.260000, 0.220000, 0.190000, 0.050000, 
40075.000000, 3859.000000, 8176.000000, 7879.000000, 3957.000000, 8484.000000, 6003.000000, 1717.000000, 
14287.000000, 3391.000000, 4401.000000, 2745.000000, 989.000000, 1684.000000, 996.000000, 81.000000, 
0.360000, 0.880000, 0.540000, 0.350000, 0.250000, 0.200000, 0.170000, 0.050000, 
0.000000, 0.000000, 0.000000, 0.000000, 

