509155.000000, 39531.000000, 70232.000000, 88129.000000, 99995.000000, 102915.000000, 77043.000000, 31310.000000, 
600664.000000, 150218.000000, 119394.000000, 74028.000000, 83996.000000, 87478.000000, 63946.000000, 21604.000000, 
343252.000000, 140863.000000, 75608.000000, 45236.000000, 30868.000000, 33368.000000, 16774.000000, 535.000000, 
0.570000, 0.940000, 0.630000, 0.610000, 0.370000, 0.380000, 0.260000, 0.020000, 
440815.000000, 39531.000000, 70232.000000, 74028.000000, 83996.000000, 87478.000000, 63946.000000, 21604.000000, 
222327.000000, 50173.000000, 49806.000000, 43573.000000, 29801.000000, 32158.000000, 16291.000000, 525.000000, 
0.500000, 1.000000, 0.710000, 0.590000, 0.350000, 0.370000, 0.250000, 0.020000, 
37806.000000, 5626.000000, 21641.000000, 10539.000000, 

87800.000000, 6173.000000, 11276.000000, 13989.000000, 16949.000000, 19194.000000, 15757.000000, 4462.000000, 
68120.000000, 15741.000000, 17591.000000, 11051.000000, 6780.000000, 9405.000000, 6303.000000, 1249.000000, 
47744.000000, 18540.000000, 13105.000000, 6508.000000, 2902.000000, 3573.000000, 2823.000000, 293.000000, 
0.700000, 1.000000, 0.740000, 0.590000, 0.430000, 0.380000, 0.450000, 0.230000, 
52237.000000, 6173.000000, 11276.000000, 11051.000000, 6780.000000, 9405.000000, 6303.000000, 1249.000000, 
26278.000000, 5454.000000, 6564.000000, 5545.000000, 2657.000000, 3277.000000, 2518.000000, 263.000000, 
0.500000, 0.880000, 0.580000, 0.500000, 0.390000, 0.350000, 0.400000, 0.210000, 
12.000000, 0.000000, 6.000000, 6.000000, 

636237.000000, 57884.000000, 100780.000000, 119373.000000, 122975.000000, 122625.000000, 85015.000000, 27585.000000, 
544116.000000, 156287.000000, 151170.000000, 93111.000000, 47960.000000, 56408.000000, 31456.000000, 7724.000000, 
556848.000000, 207160.000000, 175123.000000, 71106.000000, 39403.000000, 38879.000000, 21919.000000, 3258.000000, 
1.000000, 1.000000, 1.000000, 0.760000, 0.820000, 0.690000, 0.700000, 0.420000, 
395323.000000, 57884.000000, 100780.000000, 93111.000000, 47960.000000, 56408.000000, 31456.000000, 7724.000000, 
267659.000000, 56520.000000, 72542.000000, 55338.000000, 31594.000000, 31267.000000, 17542.000000, 2856.000000, 
0.680000, 0.980000, 0.720000, 0.590000, 0.660000, 0.550000, 0.560000, 0.370000, 
32475.000000, 1138.000000, 20100.000000, 11237.000000, 

405965.000000, 52336.000000, 47854.000000, 68896.000000, 73685.000000, 78773.000000, 61950.000000, 22471.000000, 
493550.000000, 222944.000000, 63158.000000, 40643.000000, 32417.000000, 67733.000000, 48919.000000, 17736.000000, 
133267.000000, 65966.000000, 20118.000000, 23186.000000, 7952.000000, 10941.000000, 5000.000000, 104.000000, 
0.270000, 0.300000, 0.320000, 0.570000, 0.250000, 0.160000, 0.100000, 0.010000, 
307638.000000, 52336.000000, 47854.000000, 40643.000000, 32417.000000, 67733.000000, 48919.000000, 17736.000000, 
94402.000000, 27265.000000, 19954.000000, 23186.000000, 7952.000000, 10941.000000, 5000.000000, 104.000000, 
0.310000, 0.520000, 0.420000, 0.570000, 0.250000, 0.160000, 0.100000, 0.010000, 
1872.000000, 192.000000, 841.000000, 839.000000, 

4562231.000000, 322290.000000, 646144.000000, 780809.000000, 838216.000000, 959706.000000, 732847.000000, 282219.000000, 
4273547.000000, 972751.000000, 947711.000000, 581814.000000, 319333.000000, 751730.000000, 518679.000000, 181529.000000, 
2585480.000000, 501888.000000, 953930.000000, 465564.000000, 239830.000000, 245859.000000, 151043.000000, 27366.000000, 
0.600000, 0.520000, 1.000000, 0.800000, 0.750000, 0.330000, 0.290000, 0.150000, 
3309681.000000, 322290.000000, 634306.000000, 581814.000000, 319333.000000, 751730.000000, 518679.000000, 181529.000000, 
1476213.000000, 220810.000000, 398419.000000, 340556.000000, 187813.000000, 191719.000000, 117207.000000, 19689.000000, 
0.450000, 0.690000, 0.630000, 0.590000, 0.590000, 0.260000, 0.230000, 0.110000, 
401504.000000, 4076.000000, 257251.000000, 140177.000000, 

342229.000000, 30122.000000, 58214.000000, 68904.000000, 65757.000000, 61784.000000, 43555.000000, 13893.000000, 
344963.000000, 86751.000000, 90814.000000, 53056.000000, 25645.000000, 47574.000000, 32231.000000, 8892.000000, 
251934.000000, 85818.000000, 86631.000000, 33980.000000, 17102.000000, 16187.000000, 10059.000000, 2157.000000, 
0.730000, 0.990000, 0.950000, 0.640000, 0.670000, 0.340000, 0.310000, 0.240000, 
255734.000000, 30122.000000, 58214.000000, 53056.000000, 25645.000000, 47574.000000, 32231.000000, 8892.000000, 
145018.000000, 28344.000000, 43826.000000, 30805.000000, 15876.000000, 15059.000000, 9099.000000, 2009.000000, 
0.570000, 0.940000, 0.750000, 0.580000, 0.620000, 0.320000, 0.280000, 0.230000, 
9386.000000, 89.000000, 7368.000000, 1929.000000, 

281910.000000, 16740.000000, 33122.000000, 45138.000000, 55860.000000, 64531.000000, 49537.000000, 16982.000000, 
282148.000000, 51224.000000, 56970.000000, 38819.000000, 36309.000000, 45172.000000, 42106.000000, 11548.000000, 
233642.000000, 53863.000000, 68209.000000, 32129.000000, 23576.000000, 31495.000000, 20982.000000, 3388.000000, 
0.830000, 1.000000, 1.000000, 0.830000, 0.650000, 0.700000, 0.500000, 0.290000, 
223816.000000, 16740.000000, 33122.000000, 38819.000000, 36309.000000, 45172.000000, 42106.000000, 11548.000000, 
137566.000000, 14430.000000, 26426.000000, 27337.000000, 21168.000000, 27644.000000, 17684.000000, 2877.000000, 
0.610000, 0.860000, 0.800000, 0.700000, 0.580000, 0.610000, 0.420000, 0.250000, 
30884.000000, 2200.000000, 17539.000000, 11145.000000, 

85669.000000, 6403.000000, 12206.000000, 14861.000000, 16474.000000, 17580.000000, 13422.000000, 4723.000000, 
60422.000000, 17672.000000, 15013.000000, 8174.000000, 6754.000000, 8614.000000, 2684.000000, 1511.000000, 
78351.000000, 20045.000000, 24288.000000, 10191.000000, 8642.000000, 8614.000000, 5369.000000, 1202.000000, 
1.000000, 1.000000, 1.000000, 1.000000, 1.000000, 1.000000, 1.000000, 0.800000, 
46346.000000, 6403.000000, 12206.000000, 8174.000000, 6754.000000, 8614.000000, 2684.000000, 1511.000000, 
41714.000000, 5636.000000, 9518.000000, 8399.000000, 6688.000000, 6757.000000, 3851.000000, 865.000000, 
0.900000, 0.880000, 0.780000, 1.000000, 0.990000, 0.780000, 1.000000, 0.570000, 
4047.000000, 49.000000, 2818.000000, 1180.000000, 

96063.000000, 5668.000000, 10891.000000, 14402.000000, 18125.000000, 21753.000000, 18795.000000, 6429.000000, 
84902.000000, 12551.000000, 16718.000000, 11306.000000, 7380.000000, 17627.000000, 15230.000000, 4090.000000, 
81294.000000, 12379.000000, 17233.000000, 12146.000000, 12866.000000, 13844.000000, 10544.000000, 2282.000000, 
0.960000, 0.990000, 1.000000, 1.000000, 1.000000, 0.790000, 0.690000, 0.560000, 
71603.000000, 5668.000000, 10302.000000, 11306.000000, 7380.000000, 17627.000000, 15230.000000, 4090.000000, 
53636.000000, 4114.000000, 8230.000000, 9650.000000, 10150.000000, 11115.000000, 8447.000000, 1930.000000, 
0.750000, 0.730000, 0.800000, 0.850000, 1.000000, 0.630000, 0.550000, 0.470000, 
9309.000000, 963.000000, 4631.000000, 3715.000000, 

1691146.000000, 139614.000000, 252986.000000, 298294.000000, 329658.000000, 350558.000000, 253983.000000, 66053.000000, 
1723026.000000, 427033.000000, 408618.000000, 243961.000000, 131078.000000, 274844.000000, 195884.000000, 41608.000000, 
1341740.000000, 411392.000000, 447123.000000, 186238.000000, 112503.000000, 117954.000000, 61084.000000, 5446.000000, 
0.780000, 0.960000, 1.000000, 0.760000, 0.860000, 0.430000, 0.310000, 0.130000, 
1279937.000000, 139614.000000, 252948.000000, 243961.000000, 131078.000000, 274844.000000, 195884.000000, 41608.000000, 
787731.000000, 150503.000000, 202471.000000, 163400.000000, 104041.000000, 108086.000000, 54499.000000, 4731.000000, 
0.620000, 1.000000, 0.800000, 0.670000, 0.790000, 0.390000, 0.280000, 0.110000, 
83986.000000, 3256.000000, 49755.000000, 30975.000000, 

1162900.000000, 106988.000000, 188968.000000, 207516.000000, 219822.000000, 224301.000000, 166157.000000, 49148.000000, 
1263053.000000, 389390.000000, 287218.000000, 163919.000000, 85718.000000, 179411.000000, 127908.000000, 29489.000000, 
748678.000000, 299276.000000, 260799.000000, 85584.000000, 39346.000000, 40820.000000, 21151.000000, 1702.000000, 
0.590000, 0.770000, 0.910000, 0.520000, 0.460000, 0.230000, 0.170000, 0.060000, 
882386.000000, 106981.000000, 188960.000000, 163919.000000, 85718.000000, 179411.000000, 127908.000000, 29489.000000, 
381525.000000, 84647.000000, 119206.000000, 79266.000000, 37728.000000, 39019.000000, 20023.000000, 1636.000000, 
0.430000, 0.790000, 0.630000, 0.480000, 0.440000, 0.220000, 0.160000, 0.060000, 
86217.000000, 3171.000000, 71499.000000, 11547.000000, 

126344.000000, 7961.000000, 16477.000000, 21040.000000, 24262.000000, 27899.000000, 20760.000000, 7945.000000, 
101296.000000, 17514.000000, 28340.000000, 18305.000000, 10675.000000, 14786.000000, 9134.000000, 2542.000000, 
91323.000000, 23619.000000, 30148.000000, 13360.000000, 7511.000000, 9431.000000, 6280.000000, 974.000000, 
0.900000, 1.000000, 1.000000, 0.730000, 0.700000, 0.640000, 0.690000, 0.380000, 
79880.000000, 7961.000000, 16477.000000, 18305.000000, 10675.000000, 14786.000000, 9134.000000, 2542.000000, 
54000.000000, 6960.000000, 12721.000000, 11965.000000, 7023.000000, 8805.000000, 5689.000000, 837.000000, 
0.680000, 0.870000, 0.770000, 0.650000, 0.660000, 0.600000, 0.620000, 0.330000, 
6479.000000, 476.000000, 5044.000000, 959.000000, 

154425.000000, 10411.000000, 23120.000000, 28837.000000, 32331.000000, 32257.000000, 22032.000000, 5437.000000, 
154628.000000, 29359.000000, 38842.000000, 23935.000000, 13579.000000, 27418.000000, 18287.000000, 3208.000000, 
92021.000000, 31294.000000, 33455.000000, 11790.000000, 6003.000000, 6257.000000, 3033.000000, 189.000000, 
0.600000, 1.000000, 0.860000, 0.490000, 0.440000, 0.230000, 0.170000, 0.060000, 
119958.000000, 10411.000000, 23120.000000, 23935.000000, 13579.000000, 27418.000000, 18287.000000, 3208.000000, 
49758.000000, 9228.000000, 15166.000000, 10711.000000, 5691.000000, 5921.000000, 2855.000000, 186.000000, 
0.410000, 0.890000, 0.660000, 0.450000, 0.420000, 0.220000, 0.160000, 0.060000, 
1113.000000, 26.000000, 851.000000, 236.000000, 

1336033.000000, 75921.000000, 183272.000000, 240864.000000, 271282.000000, 297918.000000, 205330.000000, 61446.000000, 
1186274.000000, 232267.000000, 333162.000000, 218852.000000, 124590.000000, 163603.000000, 92296.000000, 21504.000000, 
1284027.000000, 426332.000000, 294366.000000, 225304.000000, 89050.000000, 157062.000000, 78122.000000, 13791.000000, 
1.000000, 1.000000, 0.880000, 1.000000, 0.710000, 0.960000, 0.850000, 0.640000, 
880038.000000, 75921.000000, 183272.000000, 218852.000000, 124590.000000, 163603.000000, 92296.000000, 21504.000000, 
599486.000000, 66245.000000, 137218.000000, 144784.000000, 67889.000000, 110454.000000, 55544.000000, 17352.000000, 
0.680000, 0.870000, 0.750000, 0.660000, 0.540000, 0.680000, 0.600000, 0.810000, 
283808.000000, 40602.000000, 123578.000000, 119628.000000, 

659227.000000, 49665.000000, 90439.000000, 111781.000000, 133058.000000, 140391.000000, 99727.000000, 34166.000000, 
589372.000000, 202633.000000, 113953.000000, 93896.000000, 57215.000000, 70196.000000, 40888.000000, 10591.000000, 
370774.000000, 105552.000000, 118666.000000, 55308.000000, 32685.000000, 36801.000000, 19803.000000, 1959.000000, 
0.630000, 0.520000, 1.000000, 0.590000, 0.570000, 0.520000, 0.480000, 0.180000, 
412890.000000, 49665.000000, 90439.000000, 93896.000000, 57215.000000, 70196.000000, 40888.000000, 10591.000000, 
412984.000000, 42989.000000, 70206.000000, 74599.000000, 76172.000000, 77003.000000, 54466.000000, 17549.000000, 
1.000000, 0.870000, 0.780000, 0.790000, 1.000000, 1.000000, 1.000000, 1.000000, 
37753.000000, 3491.000000, 18546.000000, 15716.000000, 

245865.000000, 19401.000000, 34493.000000, 42152.000000, 47999.000000, 49854.000000, 36982.000000, 14984.000000, 
209333.000000, 56996.000000, 54481.000000, 34133.000000, 19667.000000, 24404.000000, 14761.000000, 4891.000000, 
209953.000000, 61119.000000, 63447.000000, 30052.000000, 12447.000000, 16123.000000, 17547.000000, 9218.000000, 
1.000000, 1.000000, 1.000000, 0.880000, 0.630000, 0.660000, 1.000000, 1.000000, 
151743.000000, 19401.000000, 34486.000000, 34133.000000, 19667.000000, 24404.000000, 14761.000000, 4891.000000, 
107069.000000, 17270.000000, 25450.000000, 23174.000000, 10573.000000, 13553.000000, 11807.000000, 5242.000000, 
0.710000, 0.890000, 0.740000, 0.680000, 0.540000, 0.560000, 0.800000, 1.000000, 
10616.000000, 72.000000, 6002.000000, 4542.000000, 

222731.000000, 18968.000000, 35888.000000, 42956.000000, 42710.000000, 40649.000000, 30367.000000, 11193.000000, 
230774.000000, 57832.000000, 58076.000000, 34756.000000, 17061.000000, 32470.000000, 23647.000000, 6932.000000, 
200739.000000, 64239.000000, 54451.000000, 27112.000000, 13879.000000, 15552.000000, 16343.000000, 9163.000000, 
0.870000, 1.000000, 0.940000, 0.780000, 0.810000, 0.480000, 0.690000, 1.000000, 
169694.000000, 18968.000000, 35860.000000, 34756.000000, 17061.000000, 32470.000000, 23647.000000, 6932.000000, 
101997.000000, 16834.000000, 23267.000000, 22040.000000, 12080.000000, 12834.000000, 10809.000000, 4133.000000, 
0.600000, 0.890000, 0.650000, 0.630000, 0.710000, 0.400000, 0.460000, 0.600000, 
17573.000000, 440.000000, 10657.000000, 6476.000000, 

352913.000000, 30784.000000, 49298.000000, 56129.000000, 71039.000000, 72807.000000, 58397.000000, 14459.000000, 
298822.000000, 81518.000000, 63545.000000, 36121.000000, 22848.000000, 46651.000000, 38458.000000, 9681.000000, 
197934.000000, 61489.000000, 64969.000000, 27490.000000, 12590.000000, 21911.000000, 8909.000000, 576.000000, 
0.660000, 0.750000, 1.000000, 0.760000, 0.550000, 0.470000, 0.230000, 0.060000, 
233841.000000, 30784.000000, 49298.000000, 36121.000000, 22848.000000, 46651.000000, 38458.000000, 9681.000000, 
107936.000000, 19109.000000, 26083.000000, 23217.000000, 11528.000000, 19455.000000, 8018.000000, 526.000000, 
0.460000, 0.620000, 0.530000, 0.640000, 0.500000, 0.420000, 0.210000, 0.050000, 
16083.000000, 6862.000000, 6644.000000, 2577.000000, 

777212.000000, 45702.000000, 92891.000000, 127155.000000, 155842.000000, 178227.000000, 135216.000000, 42179.000000, 
681748.000000, 139843.000000, 172771.000000, 118243.000000, 73238.000000, 99783.000000, 63532.000000, 14338.000000, 
527305.000000, 141860.000000, 159165.000000, 82088.000000, 48470.000000, 57543.000000, 35267.000000, 2912.000000, 
0.770000, 1.000000, 0.920000, 0.690000, 0.660000, 0.580000, 0.560000, 0.200000, 
507727.000000, 45702.000000, 92891.000000, 118243.000000, 73238.000000, 99783.000000, 63532.000000, 14338.000000, 
289096.000000, 40505.000000, 62901.000000, 63293.000000, 41950.000000, 48390.000000, 29458.000000, 2599.000000, 
0.570000, 0.890000, 0.680000, 0.540000, 0.570000, 0.480000, 0.460000, 0.180000, 
65919.000000, 951.000000, 43217.000000, 21751.000000, 

135493.000000, 7186.000000, 14864.000000, 19764.000000, 25385.000000, 30352.000000, 25574.000000, 12368.000000, 
135793.000000, 21983.000000, 26159.000000, 17377.000000, 11420.000000, 26996.000000, 21984.000000, 9874.000000, 
110245.000000, 9660.000000, 46204.000000, 16799.000000, 11890.000000, 13236.000000, 9808.000000, 2648.000000, 
0.810000, 0.440000, 1.000000, 0.970000, 1.000000, 0.490000, 0.450000, 0.270000, 
109701.000000, 7186.000000, 14864.000000, 17377.000000, 11420.000000, 26996.000000, 21984.000000, 9874.000000, 
63143.000000, 3152.000000, 13302.000000, 12478.000000, 10808.000000, 12467.000000, 8612.000000, 2324.000000, 
0.580000, 0.440000, 0.890000, 0.720000, 0.950000, 0.460000, 0.390000, 0.240000, 
9309.000000, 339.000000, 5724.000000, 3246.000000, 

507946.000000, 35847.000000, 67092.000000, 85266.000000, 98715.000000, 111062.000000, 85055.000000, 24909.000000, 
572974.000000, 110564.000000, 116363.000000, 73494.000000, 86001.000000, 97734.000000, 72752.000000, 16066.000000, 
460483.000000, 109063.000000, 139244.000000, 61749.000000, 48410.000000, 58912.000000, 36950.000000, 6155.000000, 
0.800000, 0.990000, 1.000000, 0.840000, 0.560000, 0.600000, 0.510000, 0.380000, 
448986.000000, 35847.000000, 67092.000000, 73494.000000, 86001.000000, 97734.000000, 72752.000000, 16066.000000, 
258966.000000, 29529.000000, 52583.000000, 50712.000000, 41638.000000, 49580.000000, 30001.000000, 4923.000000, 
0.580000, 0.820000, 0.780000, 0.690000, 0.480000, 0.510000, 0.410000, 0.310000, 
44380.000000, 795.000000, 27078.000000, 16507.000000, 

521528.000000, 36022.000000, 63064.000000, 79573.000000, 95723.000000, 116049.000000, 98329.000000, 32768.000000, 
547507.000000, 97259.000000, 104686.000000, 66046.000000, 79450.000000, 97481.000000, 80630.000000, 21955.000000, 
665232.000000, 172934.000000, 158884.000000, 82132.000000, 79957.000000, 94145.000000, 66323.000000, 10857.000000, 
1.000000, 1.000000, 1.000000, 1.000000, 1.000000, 0.970000, 0.820000, 0.490000, 
444648.000000, 36022.000000, 63064.000000, 66046.000000, 79450.000000, 97481.000000, 80630.000000, 21955.000000, 
358226.000000, 52830.000000, 60193.000000, 59672.000000, 60248.000000, 70310.000000, 47379.000000, 7594.000000, 
0.810000, 1.000000, 0.950000, 0.900000, 0.760000, 0.720000, 0.590000, 0.350000, 
78850.000000, 1624.000000, 39846.000000, 37380.000000, 

1085180.000000, 68350.000000, 130587.000000, 173050.000000, 212662.000000, 247767.000000, 184028.000000, 68736.000000, 
1020869.000000, 174223.000000, 227054.000000, 150434.000000, 93502.000000, 173280.000000, 153966.000000, 48410.000000, 
697029.000000, 202400.000000, 200918.000000, 98891.000000, 56410.000000, 75345.000000, 52674.000000, 10391.000000, 
0.680000, 1.000000, 0.880000, 0.660000, 0.600000, 0.430000, 0.340000, 0.210000, 
818529.000000, 68350.000000, 130587.000000, 150434.000000, 93502.000000, 173280.000000, 153966.000000, 48410.000000, 
397725.000000, 58512.000000, 87952.000000, 82331.000000, 49853.000000, 65634.000000, 44235.000000, 9208.000000, 
0.490000, 0.860000, 0.670000, 0.550000, 0.530000, 0.380000, 0.290000, 0.190000, 
117714.000000, 1035.000000, 61711.000000, 54968.000000, 

411988.000000, 30669.000000, 57072.000000, 66089.000000, 75058.000000, 83743.000000, 67697.000000, 31660.000000, 
336083.000000, 77003.000000, 93713.000000, 53328.000000, 31395.000000, 41872.000000, 27756.000000, 11016.000000, 
284323.000000, 86558.000000, 94253.000000, 36377.000000, 18418.000000, 24435.000000, 17692.000000, 6590.000000, 
0.850000, 1.000000, 1.000000, 0.680000, 0.590000, 0.580000, 0.640000, 0.600000, 
253108.000000, 30669.000000, 57072.000000, 53328.000000, 31395.000000, 41872.000000, 27756.000000, 11016.000000, 
161179.000000, 26114.000000, 41923.000000, 32755.000000, 17062.000000, 22357.000000, 15363.000000, 5605.000000, 
0.640000, 0.850000, 0.730000, 0.610000, 0.540000, 0.530000, 0.550000, 0.510000, 
37851.000000, 1127.000000, 27088.000000, 9636.000000, 

421155.000000, 37362.000000, 70033.000000, 71679.000000, 81505.000000, 87980.000000, 59715.000000, 12881.000000, 
434137.000000, 97141.000000, 79838.000000, 59494.000000, 66834.000000, 73023.000000, 49563.000000, 8244.000000, 
257050.000000, 136995.000000, 41723.000000, 34287.000000, 15479.000000, 17461.000000, 10256.000000, 849.000000, 
0.590000, 1.000000, 0.520000, 0.580000, 0.230000, 0.240000, 0.210000, 0.100000, 
364553.000000, 37362.000000, 70033.000000, 59494.000000, 66834.000000, 73023.000000, 49563.000000, 8244.000000, 
146017.000000, 48964.000000, 28777.000000, 28507.000000, 14133.000000, 15624.000000, 9229.000000, 783.000000, 
0.400000, 1.000000, 0.410000, 0.480000, 0.210000, 0.210000, 0.190000, 0.090000, 
42581.000000, 9662.000000, 17217.000000, 15702.000000, 

664330.000000, 43619.000000, 83980.000000, 109903.000000, 131054.000000, 147681.000000, 113147.000000, 34946.000000, 
521668.000000, 102505.000000, 141086.000000, 92319.000000, 55043.000000, 73841.000000, 46390.000000, 10484.000000, 
597019.000000, 161484.000000, 173643.000000, 93062.000000, 49611.000000, 57163.000000, 47359.000000, 14697.000000, 
1.000000, 1.000000, 1.000000, 1.000000, 0.900000, 0.770000, 1.000000, 1.000000, 
405676.000000, 43619.000000, 83980.000000, 92319.000000, 55043.000000, 73841.000000, 46390.000000, 10484.000000, 
275101.000000, 40497.000000, 62990.000000, 57670.000000, 34578.000000, 40480.000000, 30549.000000, 8337.000000, 
0.680000, 0.930000, 0.750000, 0.620000, 0.630000, 0.550000, 0.660000, 0.800000, 
63052.000000, 1072.000000, 35439.000000, 26541.000000, 

61369.000000, 1262.000000, 9894.000000, 12184.000000, 12279.000000, 12554.000000, 9792.000000, 3404.000000, 
46119.000000, 5096.000000, 15627.000000, 9861.000000, 4906.000000, 5895.000000, 3715.000000, 1019.000000, 
42597.000000, 6183.000000, 18251.000000, 8074.000000, 2548.000000, 4331.000000, 2920.000000, 290.000000, 
0.920000, 1.000000, 1.000000, 0.820000, 0.520000, 0.730000, 0.790000, 0.280000, 
36552.000000, 1262.000000, 9894.000000, 9861.000000, 4906.000000, 5895.000000, 3715.000000, 1019.000000, 
20380.000000, 1160.000000, 6602.000000, 5290.000000, 1931.000000, 3157.000000, 2024.000000, 216.000000, 
0.560000, 0.920000, 0.670000, 0.540000, 0.390000, 0.540000, 0.540000, 0.210000, 
299.000000, 7.000000, 184.000000, 108.000000, 

161000.000000, 13094.000000, 24307.000000, 29603.000000, 31427.000000, 32543.000000, 24164.000000, 5862.000000, 
164906.000000, 39271.000000, 39366.000000, 23979.000000, 12884.000000, 26681.000000, 19327.000000, 3398.000000, 
133109.000000, 46217.000000, 41788.000000, 17379.000000, 6057.000000, 11747.000000, 8889.000000, 1032.000000, 
0.810000, 1.000000, 1.000000, 0.720000, 0.470000, 0.440000, 0.460000, 0.300000, 
123670.000000, 13094.000000, 24307.000000, 23979.000000, 12884.000000, 26681.000000, 19327.000000, 3398.000000, 
69975.000000, 12933.000000, 18091.000000, 14696.000000, 5457.000000, 10506.000000, 7445.000000, 847.000000, 
0.570000, 0.990000, 0.740000, 0.610000, 0.420000, 0.390000, 0.390000, 0.250000, 
6447.000000, 46.000000, 3972.000000, 2429.000000, 

155354.000000, 16125.000000, 25834.000000, 27390.000000, 29040.000000, 29797.000000, 20174.000000, 6994.000000, 
128784.000000, 40313.000000, 36168.000000, 19447.000000, 10454.000000, 13111.000000, 7263.000000, 2028.000000, 
99900.000000, 39857.000000, 32630.000000, 12772.000000, 6321.000000, 5502.000000, 2508.000000, 310.000000, 
0.780000, 0.990000, 0.900000, 0.660000, 0.600000, 0.420000, 0.350000, 0.150000, 
94262.000000, 16125.000000, 25834.000000, 19447.000000, 10454.000000, 13111.000000, 7263.000000, 2028.000000, 
54546.000000, 15765.000000, 16338.000000, 9913.000000, 5321.000000, 4738.000000, 2181.000000, 290.000000, 
0.580000, 0.980000, 0.630000, 0.510000, 0.510000, 0.360000, 0.300000, 0.140000, 
862.000000, 15.000000, 430.000000, 417.000000, 

89725.000000, 5629.000000, 10811.000000, 14478.000000, 18171.000000, 20808.000000, 15805.000000, 4023.000000, 
83053.000000, 16040.000000, 16994.000000, 11480.000000, 7293.000000, 16706.000000, 12240.000000, 2300.000000, 
50959.000000, 12944.000000, 14108.000000, 6304.000000, 5936.000000, 6638.000000, 4358.000000, 671.000000, 
0.610000, 0.810000, 0.830000, 0.550000, 0.810000, 0.400000, 0.360000, 0.290000, 
66349.000000, 5629.000000, 10701.000000, 11480.000000, 7293.000000, 16706.000000, 12240.000000, 2300.000000, 
39605.000000, 4783.000000, 7568.000000, 7433.000000, 6815.000000, 7588.000000, 4768.000000, 650.000000, 
0.600000, 0.850000, 0.710000, 0.650000, 0.930000, 0.450000, 0.390000, 0.280000, 
4492.000000, 132.000000, 3582.000000, 778.000000, 

582257.000000, 39762.000000, 84968.000000, 103028.000000, 114723.000000, 125084.000000, 89413.000000, 25279.000000, 
672098.000000, 114515.000000, 147844.000000, 92725.000000, 103251.000000, 113826.000000, 80472.000000, 19465.000000, 
565324.000000, 147286.000000, 164276.000000, 84448.000000, 57522.000000, 60860.000000, 43451.000000, 7481.000000, 
0.840000, 1.000000, 1.000000, 0.910000, 0.560000, 0.530000, 0.540000, 0.380000, 
534469.000000, 39762.000000, 84968.000000, 92725.000000, 103251.000000, 113826.000000, 80472.000000, 19465.000000, 
317312.000000, 56371.000000, 63918.000000, 61058.000000, 46989.000000, 49591.000000, 33699.000000, 5686.000000, 
0.590000, 1.000000, 0.750000, 0.660000, 0.460000, 0.440000, 0.420000, 0.290000, 
83737.000000, 2190.000000, 43261.000000, 38286.000000, 

321608.000000, 20738.000000, 41500.000000, 55390.000000, 64471.000000, 72178.000000, 53864.000000, 13467.000000, 
385681.000000, 114474.000000, 79680.000000, 52621.000000, 30946.000000, 55577.000000, 46323.000000, 6060.000000, 
196218.000000, 85845.000000, 36850.000000, 26461.000000, 15326.000000, 20582.000000, 10424.000000, 730.000000, 
0.510000, 0.750000, 0.460000, 0.500000, 0.500000, 0.370000, 0.230000, 0.120000, 
253765.000000, 20738.000000, 41500.000000, 52621.000000, 30946.000000, 55577.000000, 46323.000000, 6060.000000, 
106765.000000, 17713.000000, 25816.000000, 22355.000000, 13403.000000, 16852.000000, 9493.000000, 1133.000000, 
0.420000, 0.850000, 0.620000, 0.420000, 0.430000, 0.300000, 0.200000, 0.190000, 
3831.000000, 89.000000, 2469.000000, 1273.000000, 

2079460.000000, 145432.000000, 277717.000000, 328198.000000, 370657.000000, 433474.000000, 355002.000000, 168980.000000, 
2209847.000000, 614210.000000, 349035.000000, 284655.000000, 159594.000000, 372196.000000, 297339.000000, 132818.000000, 
1734667.000000, 351693.000000, 481106.000000, 311898.000000, 205894.000000, 214354.000000, 135479.000000, 34243.000000, 
0.780000, 0.570000, 1.000000, 1.000000, 1.000000, 0.580000, 0.460000, 0.260000, 
1669751.000000, 145432.000000, 277717.000000, 284655.000000, 159594.000000, 372196.000000, 297339.000000, 132818.000000, 
901551.000000, 106518.000000, 181222.000000, 180319.000000, 147740.000000, 158358.000000, 101195.000000, 26199.000000, 
0.540000, 0.730000, 0.650000, 0.630000, 0.930000, 0.430000, 0.340000, 0.200000, 
0.000000, 0.000000, 0.000000, 0.000000, 

948178.000000, 76169.000000, 140997.000000, 181729.000000, 179332.000000, 181294.000000, 137172.000000, 51485.000000, 
687420.000000, 155308.000000, 239637.000000, 152605.000000, 35840.000000, 59751.000000, 27382.000000, 16897.000000, 
726626.000000, 247758.000000, 248340.000000, 112849.000000, 42602.000000, 45086.000000, 27048.000000, 2943.000000, 
1.000000, 1.000000, 1.000000, 0.740000, 1.000000, 0.750000, 0.990000, 0.170000, 
509641.000000, 76169.000000, 140997.000000, 152605.000000, 35840.000000, 59751.000000, 27382.000000, 16897.000000, 
390043.000000, 70141.000000, 107671.000000, 101818.000000, 40594.000000, 42165.000000, 24904.000000, 2750.000000, 
0.770000, 0.920000, 0.760000, 0.670000, 1.000000, 0.710000, 0.910000, 0.160000, 
70274.000000, 409.000000, 53952.000000, 15913.000000, 

44868.000000, 3714.000000, 6451.000000, 7959.000000, 8544.000000, 8777.000000, 6487.000000, 2936.000000, 
43064.000000, 8614.000000, 9923.000000, 6127.000000, 6094.000000, 6225.000000, 4418.000000, 1663.000000, 
28683.000000, 9952.000000, 7393.000000, 3934.000000, 2270.000000, 2862.000000, 1790.000000, 482.000000, 
0.670000, 1.000000, 0.750000, 0.640000, 0.370000, 0.460000, 0.410000, 0.290000, 
34613.000000, 3714.000000, 6372.000000, 6127.000000, 6094.000000, 6225.000000, 4418.000000, 1663.000000, 
13161.000000, 2612.000000, 3111.000000, 2655.000000, 1568.000000, 1792.000000, 1104.000000, 319.000000, 
0.380000, 0.700000, 0.490000, 0.430000, 0.260000, 0.290000, 0.250000, 0.190000, 
1015.000000, 7.000000, 686.000000, 322.000000, 

1214245.000000, 77604.000000, 150142.000000, 200331.000000, 243434.000000, 270655.000000, 200575.000000, 71504.000000, 
1279952.000000, 237468.000000, 196686.000000, 174288.000000, 214222.000000, 238176.000000, 170489.000000, 48623.000000, 
857871.000000, 221410.000000, 271314.000000, 135026.000000, 76864.000000, 87771.000000, 59781.000000, 5705.000000, 
0.670000, 0.930000, 1.000000, 0.770000, 0.360000, 0.370000, 0.350000, 0.120000, 
1073544.000000, 77604.000000, 150142.000000, 174288.000000, 214222.000000, 238176.000000, 170489.000000, 48623.000000, 
518397.000000, 74821.000000, 124382.000000, 115354.000000, 68937.000000, 78226.000000, 51723.000000, 4954.000000, 
0.480000, 0.960000, 0.830000, 0.660000, 0.320000, 0.330000, 0.300000, 0.100000, 
69455.000000, 1173.000000, 42133.000000, 26149.000000, 

490090.000000, 35862.000000, 66963.000000, 87901.000000, 100011.000000, 102980.000000, 74827.000000, 21546.000000, 
381229.000000, 86069.000000, 109819.000000, 72958.000000, 42005.000000, 33983.000000, 29931.000000, 6464.000000, 
273566.000000, 95337.000000, 82273.000000, 38638.000000, 21435.000000, 22996.000000, 12033.000000, 854.000000, 
0.720000, 1.000000, 0.750000, 0.530000, 0.510000, 0.680000, 0.400000, 0.130000, 
288166.000000, 35862.000000, 66963.000000, 72958.000000, 42005.000000, 33983.000000, 29931.000000, 6464.000000, 
154056.000000, 31690.000000, 39380.000000, 31968.000000, 18995.000000, 20503.000000, 10722.000000, 798.000000, 
0.530000, 0.880000, 0.590000, 0.440000, 0.450000, 0.600000, 0.360000, 0.120000, 
19761.000000, 264.000000, 12809.000000, 6688.000000, 

279809.000000, 24331.000000, 43316.000000, 51099.000000, 53333.000000, 53549.000000, 41313.000000, 12868.000000, 
197506.000000, 55961.000000, 48947.000000, 38324.000000, 19733.000000, 16065.000000, 14873.000000, 3603.000000, 
170871.000000, 60587.000000, 64671.000000, 21485.000000, 9443.000000, 9442.000000, 4848.000000, 395.000000, 
0.870000, 1.000000, 1.000000, 0.560000, 0.480000, 0.590000, 0.330000, 0.110000, 
160245.000000, 24331.000000, 43316.000000, 38324.000000, 19733.000000, 16065.000000, 14873.000000, 3603.000000, 
91794.000000, 20452.000000, 29853.000000, 19384.000000, 8696.000000, 8662.000000, 4396.000000, 351.000000, 
0.570000, 0.840000, 0.690000, 0.510000, 0.440000, 0.540000, 0.300000, 0.100000, 
5401.000000, 210.000000, 3675.000000, 1516.000000, 

1111384.000000, 69152.000000, 135116.000000, 176532.000000, 206929.000000, 244146.000000, 193989.000000, 85520.000000, 
1135783.000000, 211590.000000, 235056.000000, 153519.000000, 90962.000000, 214568.000000, 164580.000000, 65508.000000, 
701860.000000, 170407.000000, 209044.000000, 90635.000000, 66716.000000, 78618.000000, 68203.000000, 18237.000000, 
0.620000, 0.810000, 0.890000, 0.590000, 0.730000, 0.370000, 0.410000, 0.280000, 
893405.000000, 69152.000000, 135116.000000, 153519.000000, 90962.000000, 214568.000000, 164580.000000, 65508.000000, 
441411.000000, 56096.000000, 92401.000000, 83496.000000, 64015.000000, 74326.000000, 57069.000000, 14008.000000, 
0.490000, 0.810000, 0.680000, 0.540000, 0.700000, 0.350000, 0.350000, 0.210000, 
117862.000000, 6332.000000, 77513.000000, 34017.000000, 

114304.000000, 6552.000000, 12944.000000, 17846.000000, 22284.000000, 27456.000000, 20983.000000, 6239.000000, 
122355.000000, 23197.000000, 17344.000000, 15524.000000, 19608.000000, 24162.000000, 18247.000000, 4273.000000, 
85885.000000, 20593.000000, 23140.000000, 10185.000000, 10595.000000, 12393.000000, 7835.000000, 1144.000000, 
0.700000, 0.890000, 1.000000, 0.660000, 0.540000, 0.510000, 0.430000, 0.270000, 
101310.000000, 6552.000000, 12944.000000, 15524.000000, 19608.000000, 24162.000000, 18247.000000, 4273.000000, 
56726.000000, 5718.000000, 10059.000000, 9865.000000, 10452.000000, 12200.000000, 7403.000000, 1029.000000, 
0.560000, 0.870000, 0.780000, 0.640000, 0.530000, 0.500000, 0.410000, 0.240000, 
9487.000000, 239.000000, 4858.000000, 4390.000000, 

536503.000000, 39010.000000, 70842.000000, 89191.000000, 106029.000000, 116974.000000, 91452.000000, 23005.000000, 
439226.000000, 121711.000000, 89261.000000, 74920.000000, 45592.000000, 60826.000000, 39324.000000, 7592.000000, 
346600.000000, 132634.000000, 128756.000000, 36728.000000, 17398.000000, 18076.000000, 11393.000000, 1615.000000, 
0.790000, 1.000000, 1.000000, 0.490000, 0.380000, 0.300000, 0.290000, 0.210000, 
338106.000000, 39010.000000, 70842.000000, 74920.000000, 45592.000000, 60826.000000, 39324.000000, 7592.000000, 
162345.000000, 31721.000000, 51754.000000, 33363.000000, 16460.000000, 17033.000000, 10538.000000, 1476.000000, 
0.480000, 0.810000, 0.730000, 0.450000, 0.360000, 0.280000, 0.270000, 0.190000, 
16487.000000, 281.000000, 12896.000000, 3310.000000, 

86892.000000, 6079.000000, 11996.000000, 15080.000000, 16903.000000, 18612.000000, 14082.000000, 4140.000000, 
95837.000000, 20851.000000, 19434.000000, 12366.000000, 14029.000000, 15448.000000, 11266.000000, 2443.000000, 
56517.000000, 15749.000000, 16595.000000, 7903.000000, 4539.000000, 5869.000000, 4726.000000, 1136.000000, 
0.590000, 0.760000, 0.850000, 0.640000, 0.320000, 0.380000, 0.420000, 0.470000, 
73627.000000, 6079.000000, 11996.000000, 12366.000000, 14029.000000, 15448.000000, 11266.000000, 2443.000000, 
35015.000000, 5334.000000, 7962.000000, 6860.000000, 4174.000000, 5319.000000, 4295.000000, 1071.000000, 
0.480000, 0.880000, 0.660000, 0.550000, 0.300000, 0.340000, 0.380000, 0.440000, 
1075.000000, 9.000000, 735.000000, 331.000000, 

814643.000000, 56537.000000, 97438.000000, 128271.000000, 150683.000000, 166733.000000, 131500.000000, 83481.000000, 
774431.000000, 147210.000000, 129247.000000, 113061.000000, 66725.000000, 147678.000000, 114172.000000, 56338.000000, 
597536.000000, 135999.000000, 168735.000000, 90275.000000, 58912.000000, 65720.000000, 51850.000000, 26045.000000, 
0.770000, 0.920000, 1.000000, 0.800000, 0.880000, 0.450000, 0.450000, 0.460000, 
651564.000000, 56537.000000, 97053.000000, 113061.000000, 66725.000000, 147678.000000, 114172.000000, 56338.000000, 
362817.000000, 47264.000000, 71835.000000, 73863.000000, 52161.000000, 58246.000000, 41589.000000, 17859.000000, 
0.560000, 0.840000, 0.740000, 0.650000, 0.780000, 0.390000, 0.360000, 0.320000, 
50650.000000, 1533.000000, 31747.000000, 17370.000000, 

2901402.000000, 259321.000000, 472226.000000, 559794.000000, 562977.000000, 545081.000000, 365003.000000, 137000.000000, 
2924977.000000, 791407.000000, 742762.000000, 434528.000000, 212611.000000, 411154.000000, 263983.000000, 68532.000000, 
2274119.000000, 718605.000000, 751109.000000, 319369.000000, 181956.000000, 201453.000000, 94786.000000, 6841.000000, 
0.780000, 0.910000, 1.000000, 0.730000, 0.860000, 0.490000, 0.360000, 0.100000, 
2121373.000000, 259321.000000, 471244.000000, 434528.000000, 212611.000000, 411154.000000, 263983.000000, 68532.000000, 
1370299.000000, 262049.000000, 364667.000000, 286521.000000, 172834.000000, 188629.000000, 89043.000000, 6556.000000, 
0.650000, 1.000000, 0.770000, 0.660000, 0.810000, 0.460000, 0.340000, 0.100000, 
189632.000000, 9687.000000, 123360.000000, 56585.000000, 

177786.000000, 32137.000000, 31433.000000, 35800.000000, 28596.000000, 25201.000000, 18077.000000, 6542.000000, 
256090.000000, 138099.000000, 45212.000000, 26808.000000, 10829.000000, 19308.000000, 12430.000000, 3404.000000, 
144858.000000, 89447.000000, 27408.000000, 15323.000000, 4590.000000, 5140.000000, 2805.000000, 145.000000, 
0.570000, 0.650000, 0.610000, 0.570000, 0.420000, 0.270000, 0.230000, 0.040000, 
136349.000000, 32137.000000, 31433.000000, 26808.000000, 10829.000000, 19308.000000, 12430.000000, 3404.000000, 
69225.000000, 26977.000000, 17368.000000, 13476.000000, 4216.000000, 4619.000000, 2429.000000, 140.000000, 
0.510000, 0.840000, 0.550000, 0.500000, 0.390000, 0.240000, 0.200000, 0.040000, 
1798.000000, 554.000000, 1026.000000, 218.000000, 

58682.000000, 3377.000000, 6505.000000, 9453.000000, 12020.000000, 14678.000000, 10371.000000, 2278.000000, 
63193.000000, 11810.000000, 11974.000000, 8696.000000, 5650.000000, 13649.000000, 9587.000000, 1827.000000, 
43281.000000, 11184.000000, 12384.000000, 5918.000000, 4218.000000, 5537.000000, 3607.000000, 433.000000, 
0.680000, 0.950000, 1.000000, 0.680000, 0.750000, 0.410000, 0.380000, 0.240000, 
49291.000000, 3377.000000, 6505.000000, 8696.000000, 5650.000000, 13649.000000, 9587.000000, 1827.000000, 
27303.000000, 3206.000000, 5237.000000, 5622.000000, 4077.000000, 5395.000000, 3354.000000, 412.000000, 
0.550000, 0.950000, 0.810000, 0.650000, 0.720000, 0.400000, 0.350000, 0.230000, 
2792.000000, 36.000000, 2227.000000, 529.000000, 

547245.000000, 41493.000000, 77320.000000, 93576.000000, 105196.000000, 116368.000000, 86478.000000, 26814.000000, 
481557.000000, 126775.000000, 126737.000000, 78600.000000, 45228.000000, 59337.000000, 36310.000000, 8570.000000, 
391788.000000, 112554.000000, 133667.000000, 58671.000000, 26913.000000, 35144.000000, 22118.000000, 2721.000000, 
0.810000, 0.890000, 1.000000, 0.750000, 0.600000, 0.590000, 0.610000, 0.320000, 
346843.000000, 41493.000000, 77305.000000, 78600.000000, 45228.000000, 59337.000000, 36310.000000, 8570.000000, 
217549.000000, 34406.000000, 55607.000000, 50427.000000, 24268.000000, 31291.000000, 19132.000000, 2418.000000, 
0.630000, 0.830000, 0.720000, 0.640000, 0.540000, 0.530000, 0.530000, 0.280000, 
26021.000000, 520.000000, 13070.000000, 12431.000000, 

652460.000000, 38669.000000, 85560.000000, 112091.000000, 133948.000000, 145364.000000, 106610.000000, 30218.000000, 
474648.000000, 108264.000000, 73564.000000, 97493.000000, 88385.000000, 50855.000000, 45817.000000, 10270.000000, 
343345.000000, 85106.000000, 123644.000000, 51221.000000, 30601.000000, 33170.000000, 17742.000000, 1861.000000, 
0.720000, 0.790000, 1.000000, 0.530000, 0.350000, 0.650000, 0.390000, 0.180000, 
405053.000000, 38669.000000, 73564.000000, 97493.000000, 88385.000000, 50855.000000, 45817.000000, 10270.000000, 
218905.000000, 30592.000000, 60750.000000, 48001.000000, 29519.000000, 31767.000000, 16719.000000, 1557.000000, 
0.540000, 0.790000, 0.830000, 0.490000, 0.330000, 0.620000, 0.360000, 0.150000, 
1282.000000, 14.000000, 926.000000, 342.000000, 

210181.000000, 13368.000000, 26362.000000, 35449.000000, 41353.000000, 46709.000000, 35342.000000, 11598.000000, 
215435.000000, 45850.000000, 45010.000000, 29612.000000, 17472.000000, 39991.000000, 30375.000000, 7125.000000, 
182656.000000, 48643.000000, 44831.000000, 29129.000000, 23002.000000, 23195.000000, 12900.000000, 956.000000, 
0.850000, 1.000000, 1.000000, 0.980000, 1.000000, 0.580000, 0.420000, 0.130000, 
164139.000000, 13368.000000, 26196.000000, 29612.000000, 17472.000000, 39991.000000, 30375.000000, 7125.000000, 
76755.000000, 13102.000000, 18363.000000, 15333.000000, 11087.000000, 11573.000000, 6615.000000, 682.000000, 
0.470000, 0.980000, 0.700000, 0.520000, 0.630000, 0.290000, 0.220000, 0.100000, 
9206.000000, 778.000000, 6181.000000, 2247.000000, 

498162.000000, 33041.000000, 63608.000000, 83267.000000, 91694.000000, 98679.000000, 86115.000000, 41758.000000, 
403009.000000, 83995.000000, 108319.000000, 72266.000000, 39105.000000, 50308.000000, 34410.000000, 14606.000000, 
352842.000000, 103518.000000, 109260.000000, 47024.000000, 27987.000000, 29627.000000, 24934.000000, 10492.000000, 
0.880000, 1.000000, 1.000000, 0.650000, 0.720000, 0.590000, 0.720000, 0.720000, 
307344.000000, 33041.000000, 63608.000000, 72266.000000, 39105.000000, 50308.000000, 34410.000000, 14606.000000, 
206534.000000, 29082.000000, 47047.000000, 41952.000000, 26703.000000, 28131.000000, 23446.000000, 10173.000000, 
0.670000, 0.880000, 0.740000, 0.580000, 0.680000, 0.560000, 0.680000, 0.700000, 
53720.000000, 1134.000000, 34414.000000, 18172.000000, 

54357.000000, 4195.000000, 8202.000000, 9978.000000, 10308.000000, 10471.000000, 8330.000000, 2873.000000, 
56962.000000, 14683.000000, 13287.000000, 8082.000000, 4123.000000, 8482.000000, 6581.000000, 1724.000000, 
30082.000000, 11963.000000, 10538.000000, 3310.000000, 1165.000000, 1896.000000, 1130.000000, 80.000000, 
0.530000, 0.810000, 0.790000, 0.410000, 0.280000, 0.220000, 0.170000, 0.050000, 
41389.000000, 4195.000000, 8202.000000, 8082.000000, 4123.000000, 8482.000000, 6581.000000, 1724.000000, 
15151.000000, 3610.000000, 4626.000000, 2974.000000, 1106.000000, 1739.000000, 1025.000000, 71.000000, 
0.370000, 0.860000, 0.560000, 0.370000, 0.270000, 0.210000, 0.160000, 0.040000, 
64.000000, 1.000000, 36.000000, 27.000000, 

