520955.000000, 42307.000000, 79342.000000, 93450.000000, 104465.000000, 105831.000000, 76626.000000, 18934.000000, 
636811.000000, 162882.000000, 134881.000000, 80367.000000, 89840.000000, 91015.000000, 65898.000000, 11928.000000, 
400409.000000, 101456.000000, 145083.000000, 53574.000000, 37093.000000, 39378.000000, 22150.000000, 1675.000000, 
0.630000, 0.620000, 1.000000, 0.670000, 0.410000, 0.430000, 0.340000, 0.140000, 
460697.000000, 42307.000000, 79342.000000, 80367.000000, 89840.000000, 91015.000000, 65898.000000, 11928.000000, 
243600.000000, 33881.000000, 61237.000000, 51038.000000, 36110.000000, 38182.000000, 21499.000000, 1653.000000, 
0.530000, 0.800000, 0.770000, 0.640000, 0.400000, 0.420000, 0.330000, 0.140000, 
43822.000000, 1322.000000, 28403.000000, 14097.000000, 

85889.000000, 6169.000000, 11625.000000, 13976.000000, 16590.000000, 18143.000000, 14735.000000, 4651.000000, 
67536.000000, 15731.000000, 18135.000000, 10901.000000, 6636.000000, 8890.000000, 5894.000000, 1349.000000, 
50105.000000, 18270.000000, 13692.000000, 6618.000000, 3963.000000, 4363.000000, 2898.000000, 301.000000, 
0.740000, 1.000000, 0.760000, 0.610000, 0.600000, 0.490000, 0.490000, 0.220000, 
51464.000000, 6169.000000, 11625.000000, 10901.000000, 6636.000000, 8890.000000, 5894.000000, 1349.000000, 
28766.000000, 5439.000000, 6767.000000, 5813.000000, 3763.000000, 4054.000000, 2642.000000, 288.000000, 
0.560000, 0.880000, 0.580000, 0.530000, 0.570000, 0.460000, 0.450000, 0.210000, 
79.000000, 0.000000, 10.000000, 69.000000, 

760837.000000, 56769.000000, 114156.000000, 141543.000000, 153910.000000, 151214.000000, 107649.000000, 35596.000000, 
727881.000000, 160089.000000, 175800.000000, 111819.000000, 61564.000000, 117947.000000, 79660.000000, 21002.000000, 
718401.000000, 223720.000000, 210494.000000, 95816.000000, 71537.000000, 71734.000000, 39019.000000, 6081.000000, 
0.990000, 1.000000, 1.000000, 0.860000, 1.000000, 0.610000, 0.490000, 0.290000, 
562917.000000, 56769.000000, 114156.000000, 111819.000000, 61564.000000, 117947.000000, 79660.000000, 21002.000000, 
374140.000000, 57283.000000, 86283.000000, 77300.000000, 58288.000000, 58449.000000, 31330.000000, 5207.000000, 
0.660000, 1.000000, 0.760000, 0.690000, 0.950000, 0.500000, 0.390000, 0.250000, 
44760.000000, 1313.000000, 25359.000000, 18088.000000, 

421494.000000, 54723.000000, 53161.000000, 70845.000000, 77797.000000, 81127.000000, 64054.000000, 19787.000000, 
520492.000000, 197009.000000, 93562.000000, 62342.000000, 33451.000000, 68951.000000, 49954.000000, 15223.000000, 
178195.000000, 81417.000000, 28526.000000, 30437.000000, 12440.000000, 17172.000000, 8056.000000, 147.000000, 
0.340000, 0.410000, 0.300000, 0.490000, 0.370000, 0.250000, 0.160000, 0.010000, 
337805.000000, 54723.000000, 53161.000000, 62342.000000, 33451.000000, 68951.000000, 49954.000000, 15223.000000, 
128269.000000, 31757.000000, 28260.000000, 30437.000000, 12440.000000, 17172.000000, 8056.000000, 147.000000, 
0.380000, 0.580000, 0.530000, 0.490000, 0.370000, 0.250000, 0.160000, 0.010000, 
15454.000000, 1340.000000, 6977.000000, 7137.000000, 

4527629.000000, 323023.000000, 646044.000000, 783660.000000, 836967.000000, 916773.000000, 730434.000000, 290728.000000, 
2762471.000000, 928400.000000, 812408.000000, 433509.000000, 177302.000000, 148596.000000, 150283.000000, 111973.000000, 
2789025.000000, 582601.000000, 950262.000000, 472775.000000, 268005.000000, 272504.000000, 199507.000000, 43371.000000, 
1.000000, 0.630000, 1.000000, 1.000000, 1.000000, 1.000000, 1.000000, 0.390000, 
1990730.000000, 323023.000000, 646044.000000, 433509.000000, 177302.000000, 148596.000000, 150283.000000, 111973.000000, 
1738324.000000, 247900.000000, 440854.000000, 384186.000000, 231632.000000, 233967.000000, 168161.000000, 31624.000000, 
0.870000, 0.770000, 0.680000, 0.890000, 1.000000, 1.000000, 1.000000, 0.280000, 
362440.000000, 3052.000000, 230636.000000, 128752.000000, 

382800.000000, 30768.000000, 63205.000000, 77228.000000, 79616.000000, 69971.000000, 47503.000000, 14509.000000, 
404299.000000, 86766.000000, 98600.000000, 60238.000000, 61304.000000, 53178.000000, 34202.000000, 10011.000000, 
295452.000000, 91821.000000, 97444.000000, 42421.000000, 23956.000000, 23801.000000, 13322.000000, 2687.000000, 
0.730000, 1.000000, 0.990000, 0.700000, 0.390000, 0.450000, 0.390000, 0.270000, 
312906.000000, 30768.000000, 63205.000000, 60238.000000, 61304.000000, 53178.000000, 34202.000000, 10011.000000, 
176046.000000, 28468.000000, 46874.000000, 39092.000000, 24433.000000, 22456.000000, 12210.000000, 2513.000000, 
0.560000, 0.930000, 0.740000, 0.650000, 0.400000, 0.420000, 0.360000, 0.250000, 
16497.000000, 878.000000, 11770.000000, 3849.000000, 

300731.000000, 17963.000000, 37119.000000, 48718.000000, 58696.000000, 67130.000000, 52420.000000, 18685.000000, 
307889.000000, 54967.000000, 64588.000000, 42871.000000, 39327.000000, 47663.000000, 45597.000000, 12876.000000, 
246049.000000, 53790.000000, 73480.000000, 33859.000000, 25920.000000, 32360.000000, 22392.000000, 4248.000000, 
0.800000, 0.980000, 1.000000, 0.790000, 0.660000, 0.680000, 0.490000, 0.330000, 
243416.000000, 17963.000000, 37119.000000, 42871.000000, 39327.000000, 47663.000000, 45597.000000, 12876.000000, 
157840.000000, 15544.000000, 30548.000000, 31238.000000, 24851.000000, 31244.000000, 20639.000000, 3778.000000, 
0.650000, 0.870000, 0.820000, 0.730000, 0.630000, 0.660000, 0.450000, 0.290000, 
68267.000000, 2545.000000, 41183.000000, 24539.000000, 

95766.000000, 6719.000000, 13808.000000, 17168.000000, 18828.000000, 18949.000000, 14824.000000, 5470.000000, 
104320.000000, 22106.000000, 22921.000000, 14078.000000, 15251.000000, 15159.000000, 11414.000000, 3391.000000, 
85433.000000, 22106.000000, 22921.000000, 14078.000000, 10007.000000, 9302.000000, 5777.000000, 1242.000000, 
0.820000, 1.000000, 1.000000, 1.000000, 0.660000, 0.610000, 0.510000, 0.370000, 
79820.000000, 6719.000000, 13808.000000, 14078.000000, 15251.000000, 15159.000000, 11414.000000, 3391.000000, 
49032.000000, 5973.000000, 11217.000000, 10502.000000, 8166.000000, 7715.000000, 4456.000000, 1003.000000, 
0.610000, 0.890000, 0.810000, 0.750000, 0.540000, 0.510000, 0.390000, 0.300000, 
3921.000000, 57.000000, 2789.000000, 1075.000000, 

96552.000000, 6065.000000, 12193.000000, 14162.000000, 16574.000000, 19764.000000, 18337.000000, 9457.000000, 
101734.000000, 22074.000000, 16339.000000, 12887.000000, 7624.000000, 18182.000000, 16685.000000, 7943.000000, 
91803.000000, 12149.000000, 20869.000000, 15063.000000, 14186.000000, 13455.000000, 13225.000000, 2856.000000, 
0.900000, 0.550000, 1.000000, 1.000000, 1.000000, 0.740000, 0.790000, 0.360000, 
81579.000000, 6065.000000, 12193.000000, 12887.000000, 7624.000000, 18182.000000, 16685.000000, 7943.000000, 
55607.000000, 5920.000000, 9708.000000, 9565.000000, 9732.000000, 9475.000000, 9122.000000, 2085.000000, 
0.680000, 0.980000, 0.800000, 0.740000, 1.000000, 0.520000, 0.550000, 0.260000, 
7400.000000, 367.000000, 4071.000000, 2962.000000, 

1868563.000000, 142565.000000, 291212.000000, 344589.000000, 361150.000000, 372977.000000, 271662.000000, 84408.000000, 
1909360.000000, 444189.000000, 476637.000000, 281741.000000, 147136.000000, 295588.000000, 209101.000000, 54968.000000, 
1654918.000000, 622283.000000, 398773.000000, 239259.000000, 149674.000000, 155783.000000, 80165.000000, 8981.000000, 
0.870000, 1.000000, 0.840000, 0.850000, 1.000000, 0.530000, 0.380000, 0.160000, 
1421851.000000, 142565.000000, 290752.000000, 281741.000000, 147136.000000, 295588.000000, 209101.000000, 54968.000000, 
1011207.000000, 235956.000000, 211134.000000, 208893.000000, 137394.000000, 139969.000000, 70375.000000, 7486.000000, 
0.710000, 1.000000, 0.730000, 0.740000, 0.930000, 0.470000, 0.340000, 0.140000, 
138901.000000, 6889.000000, 88395.000000, 43617.000000, 

1146385.000000, 100682.000000, 190141.000000, 209814.000000, 220652.000000, 217070.000000, 158450.000000, 49576.000000, 
1418517.000000, 366480.000000, 380257.000000, 169939.000000, 176500.000000, 173625.000000, 121970.000000, 29746.000000, 
1086185.000000, 346877.000000, 394013.000000, 139452.000000, 79154.000000, 81422.000000, 41258.000000, 4009.000000, 
0.770000, 0.950000, 1.000000, 0.820000, 0.450000, 0.470000, 0.340000, 0.130000, 
962596.000000, 100682.000000, 190134.000000, 169939.000000, 176500.000000, 173625.000000, 121970.000000, 29746.000000, 
494864.000000, 86473.000000, 137911.000000, 107543.000000, 63599.000000, 64093.000000, 32063.000000, 3182.000000, 
0.510000, 0.860000, 0.730000, 0.630000, 0.360000, 0.370000, 0.260000, 0.110000, 
112623.000000, 3293.000000, 87454.000000, 21876.000000, 

145702.000000, 9145.000000, 18928.000000, 24204.000000, 28112.000000, 30483.000000, 23869.000000, 10961.000000, 
113123.000000, 19660.000000, 31420.000000, 20573.000000, 12088.000000, 15851.000000, 10024.000000, 3507.000000, 
109272.000000, 29181.000000, 35269.000000, 15937.000000, 9302.000000, 10727.000000, 7573.000000, 1283.000000, 
0.970000, 1.000000, 1.000000, 0.770000, 0.770000, 0.680000, 0.760000, 0.370000, 
90115.000000, 9144.000000, 18928.000000, 20573.000000, 12088.000000, 15851.000000, 10024.000000, 3507.000000, 
64525.000000, 8147.000000, 14774.000000, 14529.000000, 8865.000000, 10164.000000, 6895.000000, 1151.000000, 
0.720000, 0.890000, 0.780000, 0.710000, 0.730000, 0.640000, 0.690000, 0.330000, 
8080.000000, 594.000000, 6200.000000, 1286.000000, 

173214.000000, 11175.000000, 25885.000000, 32231.000000, 36429.000000, 36744.000000, 24508.000000, 6242.000000, 
165037.000000, 30843.000000, 41416.000000, 25462.000000, 14572.000000, 29763.000000, 19361.000000, 3620.000000, 
115985.000000, 30139.000000, 41171.000000, 16128.000000, 10360.000000, 11670.000000, 5898.000000, 619.000000, 
0.700000, 0.980000, 0.990000, 0.630000, 0.710000, 0.390000, 0.300000, 0.170000, 
129838.000000, 11175.000000, 25885.000000, 25462.000000, 14572.000000, 29763.000000, 19361.000000, 3620.000000, 
123954.000000, 11175.000000, 25885.000000, 24173.000000, 13661.000000, 27558.000000, 18381.000000, 3121.000000, 
0.950000, 1.000000, 1.000000, 0.950000, 0.940000, 0.930000, 0.950000, 0.860000, 
3397.000000, 21.000000, 2470.000000, 906.000000, 

1561906.000000, 82577.000000, 209337.000000, 278522.000000, 322568.000000, 338922.000000, 252306.000000, 77674.000000, 
1398918.000000, 252626.000000, 393140.000000, 264203.000000, 154618.000000, 189504.000000, 118427.000000, 26400.000000, 
1597620.000000, 479568.000000, 361958.000000, 278257.000000, 137341.000000, 211333.000000, 113229.000000, 15934.000000, 
1.000000, 1.000000, 0.920000, 1.000000, 0.890000, 1.000000, 0.960000, 0.600000, 
1045066.000000, 82577.000000, 209337.000000, 264203.000000, 154618.000000, 189504.000000, 118427.000000, 26400.000000, 
768727.000000, 71236.000000, 163980.000000, 179180.000000, 106591.000000, 145084.000000, 80745.000000, 21911.000000, 
0.740000, 0.860000, 0.780000, 0.680000, 0.690000, 0.770000, 0.680000, 0.830000, 
382008.000000, 53570.000000, 169480.000000, 158958.000000, 

728832.000000, 51545.000000, 102455.000000, 123891.000000, 146107.000000, 152837.000000, 110695.000000, 41302.000000, 
454834.000000, 184016.000000, 96308.000000, 60707.000000, 35066.000000, 44323.000000, 26567.000000, 7847.000000, 
348421.000000, 127626.000000, 78659.000000, 52262.000000, 32263.000000, 37875.000000, 18056.000000, 1680.000000, 
0.770000, 0.690000, 0.820000, 0.860000, 0.920000, 0.850000, 0.680000, 0.210000, 
322363.000000, 51545.000000, 96308.000000, 60707.000000, 35066.000000, 44323.000000, 26567.000000, 7847.000000, 
210871.000000, 40798.000000, 50742.000000, 43887.000000, 27220.000000, 31803.000000, 15020.000000, 1401.000000, 
0.650000, 0.790000, 0.530000, 0.720000, 0.780000, 0.720000, 0.570000, 0.180000, 
27223.000000, 840.000000, 17510.000000, 8873.000000, 

277541.000000, 20225.000000, 39993.000000, 48755.000000, 54165.000000, 55188.000000, 41059.000000, 18156.000000, 
243535.000000, 61873.000000, 66374.000000, 40944.000000, 23282.000000, 28126.000000, 16803.000000, 6133.000000, 
263276.000000, 66268.000000, 80328.000000, 39477.000000, 18416.000000, 22193.000000, 23562.000000, 13032.000000, 
1.000000, 1.000000, 1.000000, 0.960000, 0.790000, 0.790000, 1.000000, 1.000000, 
175502.000000, 20225.000000, 39989.000000, 40944.000000, 23282.000000, 28126.000000, 16803.000000, 6133.000000, 
132393.000000, 18056.000000, 30842.000000, 29701.000000, 15016.000000, 17795.000000, 14717.000000, 6266.000000, 
0.750000, 0.890000, 0.770000, 0.730000, 0.640000, 0.630000, 0.880000, 1.000000, 
19726.000000, 91.000000, 11010.000000, 8625.000000, 

230551.000000, 19638.000000, 37976.000000, 44819.000000, 45409.000000, 41531.000000, 30050.000000, 11128.000000, 
267137.000000, 58764.000000, 75124.000000, 35379.000000, 35388.000000, 32782.000000, 22809.000000, 6891.000000, 
179794.000000, 50867.000000, 53247.000000, 22095.000000, 13982.000000, 14669.000000, 15518.000000, 9416.000000, 
0.670000, 0.870000, 0.710000, 0.620000, 0.400000, 0.450000, 0.680000, 1.000000, 
190858.000000, 19638.000000, 37971.000000, 35379.000000, 35388.000000, 32782.000000, 22809.000000, 6891.000000, 
94689.000000, 14043.000000, 24254.000000, 18346.000000, 12024.000000, 11862.000000, 10136.000000, 4024.000000, 
0.500000, 0.720000, 0.640000, 0.520000, 0.340000, 0.360000, 0.440000, 0.580000, 
17661.000000, 179.000000, 10964.000000, 6518.000000, 

519259.000000, 50686.000000, 67344.000000, 85516.000000, 102400.000000, 110786.000000, 83991.000000, 18536.000000, 
565752.000000, 157816.000000, 113505.000000, 72874.000000, 44098.000000, 96384.000000, 69712.000000, 11363.000000, 
426673.000000, 169940.000000, 69197.000000, 61150.000000, 34494.000000, 57376.000000, 31323.000000, 3193.000000, 
0.750000, 1.000000, 0.610000, 0.840000, 0.780000, 0.600000, 0.450000, 0.280000, 
412461.000000, 50686.000000, 67344.000000, 72874.000000, 44098.000000, 96384.000000, 69712.000000, 11363.000000, 
238698.000000, 49170.000000, 37207.000000, 49006.000000, 29407.000000, 46605.000000, 24907.000000, 2396.000000, 
0.580000, 0.970000, 0.550000, 0.670000, 0.670000, 0.480000, 0.360000, 0.210000, 
81991.000000, 8403.000000, 50840.000000, 22748.000000, 

776127.000000, 48328.000000, 99192.000000, 128300.000000, 154801.000000, 169839.000000, 133169.000000, 42498.000000, 
701568.000000, 150778.000000, 184485.000000, 120595.000000, 72747.000000, 95090.000000, 62575.000000, 15298.000000, 
692707.000000, 164871.000000, 209043.000000, 105000.000000, 67785.000000, 86900.000000, 53378.000000, 5730.000000, 
0.990000, 1.000000, 1.000000, 0.870000, 0.930000, 0.910000, 0.850000, 0.370000, 
513825.000000, 48328.000000, 99192.000000, 120595.000000, 72747.000000, 95090.000000, 62575.000000, 15298.000000, 
370183.000000, 43871.000000, 77255.000000, 77674.000000, 56257.000000, 68573.000000, 41664.000000, 4889.000000, 
0.720000, 0.910000, 0.780000, 0.640000, 0.770000, 0.720000, 0.670000, 0.320000, 
77407.000000, 724.000000, 51905.000000, 24778.000000, 

140884.000000, 7664.000000, 15764.000000, 21433.000000, 26454.000000, 30942.000000, 25434.000000, 13193.000000, 
141733.000000, 23426.000000, 27725.000000, 18854.000000, 11907.000000, 27539.000000, 21870.000000, 10412.000000, 
121994.000000, 10834.000000, 48743.000000, 20570.000000, 14382.000000, 14583.000000, 9793.000000, 3089.000000, 
0.860000, 0.460000, 1.000000, 1.000000, 1.000000, 0.530000, 0.450000, 0.300000, 
114010.000000, 7664.000000, 15764.000000, 18854.000000, 11907.000000, 27539.000000, 21870.000000, 10412.000000, 
69636.000000, 3398.000000, 14039.000000, 14283.000000, 12361.000000, 13866.000000, 8943.000000, 2746.000000, 
0.610000, 0.440000, 0.890000, 0.760000, 1.000000, 0.500000, 0.410000, 0.260000, 
14408.000000, 669.000000, 8362.000000, 5377.000000, 

556206.000000, 37937.000000, 78144.000000, 94339.000000, 108389.000000, 114257.000000, 89893.000000, 33247.000000, 
633131.000000, 118411.000000, 136003.000000, 82666.000000, 95121.000000, 100371.000000, 77078.000000, 23481.000000, 
544368.000000, 111602.000000, 176991.000000, 75947.000000, 62414.000000, 63320.000000, 44205.000000, 9889.000000, 
0.860000, 0.940000, 1.000000, 0.920000, 0.660000, 0.630000, 0.570000, 0.420000, 
494652.000000, 37937.000000, 77998.000000, 82666.000000, 95121.000000, 100371.000000, 77078.000000, 23481.000000, 
303238.000000, 30212.000000, 63407.000000, 61361.000000, 52411.000000, 52587.000000, 35281.000000, 7979.000000, 
0.610000, 0.800000, 0.810000, 0.740000, 0.550000, 0.520000, 0.460000, 0.340000, 
56182.000000, 952.000000, 35786.000000, 19444.000000, 

593187.000000, 41444.000000, 75389.000000, 90982.000000, 106132.000000, 121881.000000, 105353.000000, 52006.000000, 
612305.000000, 106926.000000, 123638.000000, 74605.000000, 87028.000000, 99942.000000, 84282.000000, 35884.000000, 
629134.000000, 144977.000000, 178291.000000, 77557.000000, 71397.000000, 79000.000000, 60339.000000, 17573.000000, 
1.000000, 1.000000, 1.000000, 1.000000, 0.820000, 0.790000, 0.720000, 0.490000, 
498574.000000, 41444.000000, 75389.000000, 74605.000000, 87028.000000, 99942.000000, 84282.000000, 35884.000000, 
332689.000000, 32045.000000, 59439.000000, 59126.000000, 58064.000000, 64541.000000, 46899.000000, 12575.000000, 
0.670000, 0.770000, 0.790000, 0.790000, 0.670000, 0.650000, 0.560000, 0.350000, 
139186.000000, 3124.000000, 61050.000000, 75012.000000, 

1189104.000000, 71327.000000, 141391.000000, 188690.000000, 232446.000000, 264929.000000, 204249.000000, 86072.000000, 
1388696.000000, 254623.000000, 245947.000000, 220698.000000, 204492.000000, 230406.000000, 171366.000000, 61164.000000, 
736334.000000, 136990.000000, 212671.000000, 113966.000000, 86022.000000, 101974.000000, 68709.000000, 16002.000000, 
0.530000, 0.540000, 0.860000, 0.520000, 0.420000, 0.440000, 0.400000, 0.260000, 
1068791.000000, 71327.000000, 141391.000000, 188645.000000, 204492.000000, 230406.000000, 171366.000000, 61164.000000, 
462782.000000, 51592.000000, 92580.000000, 92219.000000, 73215.000000, 84505.000000, 55523.000000, 13148.000000, 
0.430000, 0.720000, 0.650000, 0.490000, 0.360000, 0.370000, 0.320000, 0.210000, 
131924.000000, 2282.000000, 76231.000000, 53411.000000, 

439513.000000, 32450.000000, 64303.000000, 72792.000000, 82920.000000, 86283.000000, 67262.000000, 33503.000000, 
366929.000000, 82815.000000, 106820.000000, 59538.000000, 34727.000000, 43021.000000, 28024.000000, 11984.000000, 
324453.000000, 91887.000000, 110907.000000, 43919.000000, 24566.000000, 28734.000000, 18108.000000, 6332.000000, 
0.880000, 1.000000, 1.000000, 0.740000, 0.710000, 0.670000, 0.650000, 0.530000, 
274047.000000, 32450.000000, 64303.000000, 59538.000000, 34727.000000, 43021.000000, 28024.000000, 11984.000000, 
190477.000000, 28267.000000, 48687.000000, 40159.000000, 23511.000000, 27175.000000, 16733.000000, 5945.000000, 
0.700000, 0.870000, 0.760000, 0.670000, 0.680000, 0.630000, 0.600000, 0.500000, 
46030.000000, 1708.000000, 34597.000000, 9725.000000, 

409443.000000, 34654.000000, 65857.000000, 75840.000000, 81208.000000, 82732.000000, 56016.000000, 13136.000000, 
436062.000000, 91833.000000, 82980.000000, 65222.000000, 69027.000000, 70322.000000, 47614.000000, 9064.000000, 
262769.000000, 84067.000000, 91511.000000, 36022.000000, 19371.000000, 19900.000000, 10873.000000, 1025.000000, 
0.600000, 0.920000, 1.000000, 0.550000, 0.280000, 0.280000, 0.230000, 0.110000, 
361760.000000, 34654.000000, 65857.000000, 65222.000000, 69027.000000, 70322.000000, 47614.000000, 9064.000000, 
148132.000000, 28417.000000, 41586.000000, 31676.000000, 17686.000000, 17936.000000, 9895.000000, 936.000000, 
0.410000, 0.820000, 0.630000, 0.490000, 0.260000, 0.260000, 0.210000, 0.100000, 
52060.000000, 1692.000000, 28423.000000, 21945.000000, 

665577.000000, 44674.000000, 91574.000000, 114010.000000, 130996.000000, 139590.000000, 108948.000000, 35785.000000, 
538259.000000, 102750.000000, 155676.000000, 96909.000000, 56328.000000, 71191.000000, 44669.000000, 10736.000000, 
398284.000000, 91355.000000, 128285.000000, 66370.000000, 31071.000000, 33310.000000, 33246.000000, 14647.000000, 
0.740000, 0.890000, 0.820000, 0.680000, 0.550000, 0.470000, 0.740000, 1.000000, 
416081.000000, 44674.000000, 91574.000000, 96909.000000, 56328.000000, 71191.000000, 44669.000000, 10736.000000, 
297060.000000, 40776.000000, 69478.000000, 63598.000000, 39157.000000, 42723.000000, 32284.000000, 9044.000000, 
0.710000, 0.910000, 0.760000, 0.660000, 0.700000, 0.600000, 0.720000, 0.840000, 
66694.000000, 1139.000000, 38360.000000, 27195.000000, 

67648.000000, 5510.000000, 10656.000000, 13132.000000, 13231.000000, 12459.000000, 9314.000000, 3346.000000, 
55936.000000, 13500.000000, 16619.000000, 10370.000000, 5156.000000, 5849.000000, 3438.000000, 1004.000000, 
59218.000000, 19486.000000, 19779.000000, 8703.000000, 3492.000000, 4542.000000, 2882.000000, 334.000000, 
1.000000, 1.000000, 1.000000, 0.840000, 0.680000, 0.780000, 0.840000, 0.330000, 
41983.000000, 5510.000000, 10656.000000, 10370.000000, 5156.000000, 5849.000000, 3438.000000, 1004.000000, 
27443.000000, 4883.000000, 7383.000000, 6276.000000, 2845.000000, 3569.000000, 2196.000000, 291.000000, 
0.650000, 0.890000, 0.690000, 0.610000, 0.550000, 0.610000, 0.640000, 0.290000, 
721.000000, 7.000000, 262.000000, 452.000000, 

170714.000000, 13641.000000, 26596.000000, 31869.000000, 34629.000000, 33251.000000, 24463.000000, 6265.000000, 
201357.000000, 40922.000000, 54519.000000, 26135.000000, 28739.000000, 27597.000000, 19808.000000, 3637.000000, 
143916.000000, 44226.000000, 48293.000000, 19760.000000, 7312.000000, 13167.000000, 10095.000000, 1063.000000, 
0.710000, 1.000000, 0.890000, 0.760000, 0.250000, 0.480000, 0.510000, 0.290000, 
146153.000000, 13641.000000, 26596.000000, 26135.000000, 28739.000000, 27597.000000, 19808.000000, 3637.000000, 
78574.000000, 13284.000000, 20562.000000, 16847.000000, 6698.000000, 11899.000000, 8384.000000, 900.000000, 
0.540000, 0.970000, 0.770000, 0.640000, 0.230000, 0.430000, 0.420000, 0.250000, 
10390.000000, 44.000000, 5778.000000, 4568.000000, 

192778.000000, 17346.000000, 32642.000000, 35472.000000, 36700.000000, 34934.000000, 24603.000000, 11081.000000, 
155981.000000, 41630.000000, 47657.000000, 25895.000000, 13579.000000, 15371.000000, 8857.000000, 2992.000000, 
136425.000000, 47537.000000, 43014.000000, 19934.000000, 10868.000000, 9900.000000, 4601.000000, 571.000000, 
0.870000, 1.000000, 0.900000, 0.770000, 0.800000, 0.640000, 0.520000, 0.190000, 
116682.000000, 17346.000000, 32642.000000, 25895.000000, 13579.000000, 15371.000000, 8857.000000, 2992.000000, 
81401.000000, 19628.000000, 23283.000000, 16132.000000, 9653.000000, 8457.000000, 3763.000000, 485.000000, 
0.700000, 1.000000, 0.710000, 0.620000, 0.710000, 0.550000, 0.420000, 0.160000, 
6378.000000, 110.000000, 3316.000000, 2952.000000, 

98747.000000, 5975.000000, 12338.000000, 16246.000000, 19742.000000, 22724.000000, 16989.000000, 4733.000000, 
93208.000000, 17382.000000, 19895.000000, 13070.000000, 8132.000000, 18522.000000, 13505.000000, 2702.000000, 
75222.000000, 17563.000000, 21256.000000, 9402.000000, 9077.000000, 10446.000000, 6469.000000, 1009.000000, 
0.810000, 1.000000, 1.000000, 0.720000, 1.000000, 0.560000, 0.480000, 0.370000, 
74126.000000, 5975.000000, 12220.000000, 13070.000000, 8132.000000, 18522.000000, 13505.000000, 2702.000000, 
52816.000000, 5305.000000, 9861.000000, 9744.000000, 9447.000000, 10949.000000, 6573.000000, 937.000000, 
0.710000, 0.890000, 0.810000, 0.750000, 1.000000, 0.590000, 0.490000, 0.350000, 
5726.000000, 74.000000, 4507.000000, 1145.000000, 

642519.000000, 43135.000000, 94466.000000, 115285.000000, 128294.000000, 131595.000000, 97078.000000, 32666.000000, 
745355.000000, 119053.000000, 168149.000000, 104909.000000, 118030.000000, 121067.000000, 88341.000000, 25806.000000, 
719590.000000, 151834.000000, 212598.000000, 116845.000000, 82529.000000, 87397.000000, 57105.000000, 11282.000000, 
0.970000, 1.000000, 1.000000, 1.000000, 0.700000, 0.720000, 0.650000, 0.440000, 
595754.000000, 43135.000000, 94466.000000, 104909.000000, 118030.000000, 121067.000000, 88341.000000, 25806.000000, 
378982.000000, 40083.000000, 76508.000000, 78426.000000, 65426.000000, 67567.000000, 42612.000000, 8360.000000, 
0.640000, 0.930000, 0.810000, 0.750000, 0.550000, 0.560000, 0.480000, 0.320000, 
117005.000000, 1781.000000, 53001.000000, 62223.000000, 

359515.000000, 22252.000000, 47411.000000, 62923.000000, 74147.000000, 78110.000000, 59310.000000, 15362.000000, 
255841.000000, 55630.000000, 71117.000000, 44675.000000, 26693.000000, 33587.000000, 20759.000000, 3380.000000, 
248911.000000, 93169.000000, 48168.000000, 34248.000000, 25917.000000, 30727.000000, 15893.000000, 789.000000, 
0.970000, 1.000000, 0.680000, 0.770000, 0.970000, 0.910000, 0.770000, 0.230000, 
198757.000000, 22252.000000, 47411.000000, 44675.000000, 26693.000000, 33587.000000, 20759.000000, 3380.000000, 
138973.000000, 17575.000000, 31413.000000, 28177.000000, 21831.000000, 24768.000000, 13718.000000, 1491.000000, 
0.700000, 0.790000, 0.660000, 0.630000, 0.820000, 0.740000, 0.660000, 0.440000, 
9197.000000, 275.000000, 4522.000000, 4400.000000, 

2068245.000000, 152710.000000, 294568.000000, 335715.000000, 371495.000000, 397439.000000, 337004.000000, 179314.000000, 
2251432.000000, 643968.000000, 374648.000000, 293702.000000, 162179.000000, 349040.000000, 286920.000000, 140975.000000, 
2112270.000000, 406792.000000, 589393.000000, 347271.000000, 262257.000000, 269248.000000, 180386.000000, 56923.000000, 
0.940000, 0.630000, 1.000000, 1.000000, 1.000000, 0.770000, 0.630000, 0.400000, 
1680094.000000, 152710.000000, 294568.000000, 293702.000000, 162179.000000, 349040.000000, 286920.000000, 140975.000000, 
1093446.000000, 116490.000000, 214447.000000, 213363.000000, 185579.000000, 191773.000000, 128983.000000, 42811.000000, 
0.650000, 0.760000, 0.730000, 0.730000, 1.000000, 0.550000, 0.450000, 0.300000, 
0.000000, 0.000000, 0.000000, 0.000000, 

1070396.000000, 79719.000000, 161881.000000, 206428.000000, 207891.000000, 198513.000000, 150706.000000, 65258.000000, 
1061688.000000, 165748.000000, 213630.000000, 181592.000000, 170339.000000, 164524.000000, 121785.000000, 44070.000000, 
831031.000000, 226244.000000, 299439.000000, 139823.000000, 62959.000000, 64468.000000, 34093.000000, 4005.000000, 
0.780000, 1.000000, 1.000000, 0.770000, 0.370000, 0.390000, 0.280000, 0.090000, 
923897.000000, 79719.000000, 161868.000000, 181592.000000, 170339.000000, 164524.000000, 121785.000000, 44070.000000, 
490880.000000, 69130.000000, 131339.000000, 130262.000000, 61170.000000, 62457.000000, 32643.000000, 3879.000000, 
0.530000, 0.870000, 0.810000, 0.720000, 0.360000, 0.380000, 0.270000, 0.090000, 
89371.000000, 395.000000, 69614.000000, 19362.000000, 

46075.000000, 3527.000000, 7134.000000, 9026.000000, 8527.000000, 8295.000000, 6166.000000, 3400.000000, 
50307.000000, 12051.000000, 11523.000000, 7183.000000, 6675.000000, 6453.000000, 4628.000000, 1794.000000, 
32885.000000, 10626.000000, 9506.000000, 4867.000000, 2298.000000, 3086.000000, 2023.000000, 479.000000, 
0.650000, 0.880000, 0.820000, 0.680000, 0.340000, 0.480000, 0.440000, 0.270000, 
37377.000000, 3527.000000, 7117.000000, 7183.000000, 6675.000000, 6453.000000, 4628.000000, 1794.000000, 
18475.000000, 3097.000000, 4578.000000, 4073.000000, 2052.000000, 2605.000000, 1659.000000, 411.000000, 
0.490000, 0.880000, 0.640000, 0.570000, 0.310000, 0.400000, 0.360000, 0.230000, 
1285.000000, 33.000000, 757.000000, 495.000000, 

1323868.000000, 81826.000000, 166773.000000, 216761.000000, 263028.000000, 289032.000000, 221462.000000, 84986.000000, 
1391934.000000, 250388.000000, 220140.000000, 190750.000000, 231465.000000, 251458.000000, 188243.000000, 59490.000000, 
964761.000000, 229604.000000, 311352.000000, 152802.000000, 92542.000000, 102682.000000, 67639.000000, 8140.000000, 
0.690000, 0.920000, 1.000000, 0.800000, 0.400000, 0.410000, 0.360000, 0.140000, 
1170005.000000, 81826.000000, 166773.000000, 190750.000000, 231465.000000, 251458.000000, 188243.000000, 59490.000000, 
608733.000000, 82434.000000, 145805.000000, 134461.000000, 85514.000000, 93585.000000, 59763.000000, 7171.000000, 
0.520000, 1.000000, 0.870000, 0.700000, 0.370000, 0.370000, 0.320000, 0.120000, 
101570.000000, 1367.000000, 63061.000000, 37142.000000, 

538449.000000, 37931.000000, 74598.000000, 95908.000000, 111144.000000, 113384.000000, 81150.000000, 24334.000000, 
433222.000000, 111517.000000, 93993.000000, 81522.000000, 47792.000000, 57826.000000, 33272.000000, 7300.000000, 
358371.000000, 121709.000000, 104408.000000, 48939.000000, 31105.000000, 33134.000000, 17401.000000, 1675.000000, 
0.830000, 1.000000, 1.000000, 0.600000, 0.650000, 0.570000, 0.520000, 0.230000, 
340241.000000, 37931.000000, 74598.000000, 81522.000000, 47792.000000, 57826.000000, 33272.000000, 7300.000000, 
198672.000000, 34711.000000, 48138.000000, 41245.000000, 28131.000000, 29431.000000, 15445.000000, 1571.000000, 
0.580000, 0.920000, 0.650000, 0.510000, 0.590000, 0.510000, 0.460000, 0.220000, 
31363.000000, 509.000000, 19799.000000, 11055.000000, 

299898.000000, 25026.000000, 47997.000000, 55634.000000, 56310.000000, 56708.000000, 43139.000000, 15084.000000, 
230914.000000, 63816.000000, 58556.000000, 44507.000000, 23087.000000, 18714.000000, 17256.000000, 4978.000000, 
202055.000000, 62900.000000, 76032.000000, 27527.000000, 13212.000000, 13221.000000, 7617.000000, 1546.000000, 
0.880000, 0.990000, 1.000000, 0.620000, 0.570000, 0.710000, 0.440000, 0.310000, 
181565.000000, 25026.000000, 47997.000000, 44507.000000, 23087.000000, 18714.000000, 17256.000000, 4978.000000, 
114907.000000, 21474.000000, 34831.000000, 25245.000000, 12473.000000, 12407.000000, 7030.000000, 1447.000000, 
0.630000, 0.860000, 0.730000, 0.570000, 0.540000, 0.660000, 0.410000, 0.290000, 
7980.000000, 266.000000, 4907.000000, 2807.000000, 

1181406.000000, 74063.000000, 152145.000000, 192356.000000, 219317.000000, 241023.000000, 200139.000000, 102363.000000, 
1213529.000000, 226611.000000, 264656.000000, 167276.000000, 96404.000000, 209400.000000, 169559.000000, 79623.000000, 
880590.000000, 197171.000000, 259194.000000, 114262.000000, 94127.000000, 102249.000000, 85723.000000, 27864.000000, 
0.730000, 0.870000, 0.980000, 0.680000, 0.980000, 0.490000, 0.510000, 0.350000, 
948470.000000, 74063.000000, 152145.000000, 167276.000000, 96404.000000, 209400.000000, 169559.000000, 79623.000000, 
556677.000000, 62154.000000, 110605.000000, 103728.000000, 89602.000000, 95903.000000, 72429.000000, 22256.000000, 
0.590000, 0.840000, 0.730000, 0.620000, 0.930000, 0.460000, 0.430000, 0.280000, 
136787.000000, 7299.000000, 92651.000000, 36837.000000, 

107991.000000, 6448.000000, 13261.000000, 17268.000000, 21067.000000, 24137.000000, 19607.000000, 6203.000000, 
120926.000000, 22826.000000, 23339.000000, 14850.000000, 18328.000000, 20756.000000, 16637.000000, 4190.000000, 
83077.000000, 20331.000000, 22758.000000, 10024.000000, 10242.000000, 10870.000000, 7519.000000, 1333.000000, 
0.690000, 0.890000, 0.980000, 0.680000, 0.560000, 0.520000, 0.450000, 0.320000, 
94470.000000, 6448.000000, 13261.000000, 14850.000000, 18328.000000, 20756.000000, 16637.000000, 4190.000000, 
54770.000000, 5656.000000, 10214.000000, 9608.000000, 10163.000000, 10755.000000, 7153.000000, 1221.000000, 
0.580000, 0.880000, 0.770000, 0.650000, 0.550000, 0.520000, 0.430000, 0.290000, 
12022.000000, 278.000000, 6508.000000, 5236.000000, 

555486.000000, 40902.000000, 80365.000000, 94846.000000, 108394.000000, 112351.000000, 87682.000000, 30946.000000, 
458068.000000, 127614.000000, 100456.000000, 79671.000000, 46609.000000, 57299.000000, 36826.000000, 9593.000000, 
391400.000000, 127646.000000, 140163.000000, 47609.000000, 28200.000000, 29395.000000, 16551.000000, 1836.000000, 
0.850000, 1.000000, 1.000000, 0.600000, 0.610000, 0.510000, 0.450000, 0.190000, 
351265.000000, 40902.000000, 80365.000000, 79671.000000, 46609.000000, 57299.000000, 36826.000000, 9593.000000, 
211243.000000, 36760.000000, 59858.000000, 43318.000000, 26762.000000, 27562.000000, 15262.000000, 1721.000000, 
0.600000, 0.900000, 0.740000, 0.540000, 0.570000, 0.480000, 0.410000, 0.180000, 
22020.000000, 578.000000, 16004.000000, 5438.000000, 

97657.000000, 6319.000000, 13902.000000, 17706.000000, 19369.000000, 19944.000000, 15163.000000, 5254.000000, 
122038.000000, 18957.000000, 27248.000000, 17706.000000, 19756.000000, 20143.000000, 14708.000000, 3520.000000, 
77820.000000, 13549.000000, 27551.000000, 12064.000000, 7690.000000, 8156.000000, 6905.000000, 1905.000000, 
0.640000, 0.710000, 1.000000, 0.680000, 0.390000, 0.400000, 0.470000, 0.540000, 
95468.000000, 6319.000000, 13902.000000, 17706.000000, 19369.000000, 19944.000000, 14708.000000, 3520.000000, 
44557.000000, 4965.000000, 10199.000000, 9151.000000, 6426.000000, 6693.000000, 5500.000000, 1623.000000, 
0.470000, 0.790000, 0.730000, 0.520000, 0.330000, 0.340000, 0.370000, 0.460000, 
3537.000000, 27.000000, 1742.000000, 1768.000000, 

854062.000000, 56852.000000, 109036.000000, 137230.000000, 157870.000000, 169587.000000, 133191.000000, 90296.000000, 
816906.000000, 147804.000000, 145763.000000, 122248.000000, 71042.000000, 151486.000000, 116654.000000, 61909.000000, 
792432.000000, 160408.000000, 231407.000000, 121849.000000, 85900.000000, 93402.000000, 66988.000000, 32478.000000, 
0.970000, 1.000000, 1.000000, 1.000000, 1.000000, 0.620000, 0.570000, 0.520000, 
689227.000000, 56852.000000, 109036.000000, 122248.000000, 71042.000000, 151486.000000, 116654.000000, 61909.000000, 
427309.000000, 49162.000000, 84969.000000, 87266.000000, 67060.000000, 71089.000000, 46864.000000, 20899.000000, 
0.620000, 0.860000, 0.780000, 0.710000, 0.940000, 0.470000, 0.400000, 0.340000, 
74175.000000, 1544.000000, 49251.000000, 23380.000000, 

3111775.000000, 238927.000000, 500559.000000, 599401.000000, 629784.000000, 583983.000000, 391967.000000, 167154.000000, 
3071384.000000, 716366.000000, 790610.000000, 479362.000000, 245454.000000, 455118.000000, 293432.000000, 91042.000000, 
2461966.000000, 618203.000000, 790248.000000, 378891.000000, 256609.000000, 277518.000000, 130248.000000, 10249.000000, 
0.800000, 0.860000, 1.000000, 0.790000, 1.000000, 0.610000, 0.440000, 0.110000, 
2303703.000000, 238896.000000, 500399.000000, 479362.000000, 245454.000000, 455118.000000, 293432.000000, 91042.000000, 
1484899.000000, 194131.000000, 356176.000000, 327426.000000, 233343.000000, 247936.000000, 116557.000000, 9330.000000, 
0.640000, 0.810000, 0.710000, 0.680000, 0.950000, 0.540000, 0.400000, 0.100000, 
194753.000000, 8322.000000, 121159.000000, 65272.000000, 

194038.000000, 22647.000000, 38521.000000, 41745.000000, 35280.000000, 30046.000000, 20114.000000, 5685.000000, 
257051.000000, 131796.000000, 47761.000000, 29223.000000, 11641.000000, 21027.000000, 13270.000000, 2333.000000, 
169609.000000, 84615.000000, 37791.000000, 23243.000000, 8892.000000, 10158.000000, 4696.000000, 214.000000, 
0.660000, 0.640000, 0.790000, 0.800000, 0.760000, 0.480000, 0.350000, 0.090000, 
138661.000000, 22647.000000, 38520.000000, 29223.000000, 11641.000000, 21027.000000, 13270.000000, 2333.000000, 
88544.000000, 18803.000000, 26954.000000, 20329.000000, 9040.000000, 8780.000000, 4330.000000, 308.000000, 
0.640000, 0.830000, 0.700000, 0.700000, 0.780000, 0.420000, 0.330000, 0.130000, 
15197.000000, 9545.000000, 4105.000000, 1547.000000, 

63141.000000, 3408.000000, 7381.000000, 10133.000000, 12742.000000, 14979.000000, 10993.000000, 3505.000000, 
69053.000000, 12380.000000, 13730.000000, 9525.000000, 6114.000000, 14226.000000, 10293.000000, 2785.000000, 
42649.000000, 9295.000000, 12929.000000, 5851.000000, 4755.000000, 5709.000000, 3683.000000, 427.000000, 
0.620000, 0.750000, 0.940000, 0.610000, 0.780000, 0.400000, 0.360000, 0.150000, 
53732.000000, 3408.000000, 7381.000000, 9525.000000, 6114.000000, 14226.000000, 10293.000000, 2785.000000, 
28040.000000, 2598.000000, 5687.000000, 5584.000000, 4674.000000, 5597.000000, 3496.000000, 404.000000, 
0.520000, 0.760000, 0.770000, 0.590000, 0.760000, 0.390000, 0.340000, 0.150000, 
5739.000000, 25.000000, 4456.000000, 1258.000000, 

607911.000000, 43909.000000, 88719.000000, 106458.000000, 121240.000000, 124765.000000, 93790.000000, 29030.000000, 
537265.000000, 134347.000000, 149042.000000, 89425.000000, 52132.000000, 63629.000000, 39392.000000, 9298.000000, 
464218.000000, 102070.000000, 163397.000000, 76237.000000, 41319.000000, 47927.000000, 29737.000000, 3531.000000, 
0.860000, 0.760000, 1.000000, 0.850000, 0.790000, 0.750000, 0.750000, 0.380000, 
386503.000000, 43909.000000, 88718.000000, 89425.000000, 52132.000000, 63629.000000, 39392.000000, 9298.000000, 
271942.000000, 31881.000000, 67618.000000, 64996.000000, 36871.000000, 42013.000000, 25407.000000, 3156.000000, 
0.700000, 0.730000, 0.760000, 0.730000, 0.710000, 0.660000, 0.640000, 0.340000, 
41241.000000, 508.000000, 23479.000000, 17254.000000, 

714210.000000, 42616.000000, 99095.000000, 125871.000000, 145127.000000, 153662.000000, 112738.000000, 35101.000000, 
530932.000000, 119321.000000, 87194.000000, 110747.000000, 97212.000000, 55297.000000, 49580.000000, 11581.000000, 
458121.000000, 99163.000000, 161748.000000, 70972.000000, 46794.000000, 51233.000000, 25459.000000, 2752.000000, 
0.860000, 0.830000, 1.000000, 0.640000, 0.480000, 0.930000, 0.510000, 0.240000, 
454227.000000, 42616.000000, 87194.000000, 110747.000000, 97212.000000, 55297.000000, 49580.000000, 11581.000000, 
294506.000000, 34490.000000, 73939.000000, 65981.000000, 44916.000000, 48779.000000, 23947.000000, 2454.000000, 
0.650000, 0.810000, 0.850000, 0.600000, 0.460000, 0.880000, 0.480000, 0.210000, 
5575.000000, 110.000000, 3351.000000, 2114.000000, 

213390.000000, 14114.000000, 27839.000000, 35719.000000, 41838.000000, 45991.000000, 35512.000000, 12377.000000, 
217642.000000, 46435.000000, 46767.000000, 30360.000000, 17570.000000, 39089.000000, 29824.000000, 7597.000000, 
174073.000000, 45544.000000, 41888.000000, 30518.000000, 21636.000000, 22057.000000, 11643.000000, 787.000000, 
0.800000, 0.980000, 0.900000, 1.000000, 1.000000, 0.560000, 0.390000, 0.100000, 
166392.000000, 14114.000000, 27838.000000, 30360.000000, 17570.000000, 39089.000000, 29824.000000, 7597.000000, 
77979.000000, 13752.000000, 17599.000000, 16311.000000, 11205.000000, 11815.000000, 6668.000000, 629.000000, 
0.470000, 0.970000, 0.630000, 0.540000, 0.640000, 0.300000, 0.220000, 0.080000, 
10685.000000, 991.000000, 6915.000000, 2779.000000, 

575755.000000, 37702.000000, 73844.000000, 95557.000000, 111461.000000, 117251.000000, 96350.000000, 43590.000000, 
471525.000000, 96137.000000, 127002.000000, 83123.000000, 49035.000000, 60958.000000, 40458.000000, 14812.000000, 
422965.000000, 116620.000000, 130004.000000, 58113.000000, 39544.000000, 42453.000000, 28210.000000, 8021.000000, 
0.900000, 1.000000, 1.000000, 0.700000, 0.810000, 0.700000, 0.700000, 0.540000, 
359932.000000, 37702.000000, 73844.000000, 83123.000000, 49035.000000, 60958.000000, 40458.000000, 14812.000000, 
253939.000000, 32594.000000, 55819.000000, 52476.000000, 38093.000000, 40683.000000, 26558.000000, 7716.000000, 
0.710000, 0.860000, 0.760000, 0.630000, 0.780000, 0.670000, 0.660000, 0.520000, 
70880.000000, 1526.000000, 45749.000000, 23605.000000, 

56593.000000, 4201.000000, 8669.000000, 10676.000000, 10960.000000, 10720.000000, 8339.000000, 3028.000000, 
58289.000000, 14704.000000, 13870.000000, 8541.000000, 4384.000000, 8469.000000, 6504.000000, 1817.000000, 
45062.000000, 15493.000000, 15685.000000, 6022.000000, 2197.000000, 3495.000000, 1987.000000, 183.000000, 
0.770000, 1.000000, 1.000000, 0.710000, 0.500000, 0.410000, 0.310000, 0.100000, 
42585.000000, 4201.000000, 8669.000000, 8541.000000, 4384.000000, 8469.000000, 6504.000000, 1817.000000, 
20423.000000, 3826.000000, 5825.000000, 4453.000000, 1837.000000, 2767.000000, 1559.000000, 156.000000, 
0.480000, 0.910000, 0.670000, 0.520000, 0.420000, 0.330000, 0.240000, 0.090000, 
1270.000000, 16.000000, 730.000000, 524.000000, 

