588223.000000, 40661.000000, 80360.000000, 111080.000000, 118027.000000, 128068.000000, 87254.000000, 22773.000000, 
648605.000000, 98259.000000, 142583.000000, 98757.000000, 104382.000000, 114150.000000, 76707.000000, 13767.000000, 
433393.000000, 94958.000000, 151088.000000, 65052.000000, 42710.000000, 51783.000000, 25860.000000, 1942.000000, 
0.670000, 0.970000, 1.000000, 0.660000, 0.410000, 0.450000, 0.340000, 0.140000, 
517470.000000, 32216.000000, 77491.000000, 98757.000000, 104382.000000, 114150.000000, 76707.000000, 13767.000000, 
273208.000000, 28926.000000, 63149.000000, 62212.000000, 41575.000000, 50211.000000, 25223.000000, 1912.000000, 
0.530000, 0.900000, 0.810000, 0.630000, 0.400000, 0.440000, 0.330000, 0.140000, 
48608.000000, 1538.000000, 31260.000000, 15810.000000, 

94942.000000, 6222.000000, 12619.000000, 16169.000000, 18272.000000, 20499.000000, 15488.000000, 5673.000000, 
76365.000000, 15512.000000, 20592.000000, 13542.000000, 7860.000000, 10598.000000, 6473.000000, 1788.000000, 
56201.000000, 18133.000000, 16450.000000, 8428.000000, 4148.000000, 5163.000000, 3529.000000, 350.000000, 
0.740000, 1.000000, 0.800000, 0.620000, 0.530000, 0.490000, 0.550000, 0.200000, 
57319.000000, 5086.000000, 11972.000000, 13542.000000, 7860.000000, 10598.000000, 6473.000000, 1788.000000, 
32150.000000, 4700.000000, 7890.000000, 7366.000000, 3915.000000, 4778.000000, 3172.000000, 329.000000, 
0.560000, 0.920000, 0.660000, 0.540000, 0.500000, 0.450000, 0.490000, 0.180000, 
8.000000, 0.000000, 1.000000, 7.000000, 

806709.000000, 50587.000000, 104388.000000, 150528.000000, 168082.000000, 173116.000000, 118241.000000, 41767.000000, 
763648.000000, 143028.000000, 165313.000000, 124621.000000, 70354.000000, 142746.000000, 93257.000000, 24329.000000, 
679792.000000, 195992.000000, 186473.000000, 97656.000000, 75888.000000, 80861.000000, 39564.000000, 3358.000000, 
0.890000, 1.000000, 1.000000, 0.780000, 1.000000, 0.570000, 0.420000, 0.140000, 
594599.000000, 37247.000000, 102045.000000, 124621.000000, 70354.000000, 142746.000000, 93257.000000, 24329.000000, 
377924.000000, 37247.000000, 79636.000000, 84781.000000, 67602.000000, 71071.000000, 34530.000000, 3057.000000, 
0.640000, 1.000000, 0.780000, 0.680000, 0.960000, 0.500000, 0.370000, 0.130000, 
41989.000000, 821.000000, 22907.000000, 18261.000000, 

420398.000000, 26773.000000, 55854.000000, 81515.000000, 87545.000000, 90787.000000, 61917.000000, 16007.000000, 
384195.000000, 71486.000000, 70918.000000, 70940.000000, 36770.000000, 75743.000000, 49843.000000, 8495.000000, 
239091.000000, 66849.000000, 74458.000000, 42258.000000, 19673.000000, 23424.000000, 11810.000000, 619.000000, 
0.620000, 0.940000, 1.000000, 0.600000, 0.540000, 0.310000, 0.240000, 0.070000, 
313547.000000, 19217.000000, 52539.000000, 70940.000000, 36770.000000, 75743.000000, 49843.000000, 8495.000000, 
145887.000000, 18048.000000, 34759.000000, 39629.000000, 19004.000000, 22543.000000, 11304.000000, 600.000000, 
0.470000, 0.940000, 0.660000, 0.560000, 0.520000, 0.300000, 0.230000, 0.070000, 
17148.000000, 322.000000, 8723.000000, 8103.000000, 

4697466.000000, 311753.000000, 608160.000000, 845540.000000, 889036.000000, 965402.000000, 767659.000000, 309916.000000, 
2683992.000000, 839568.000000, 763411.000000, 473797.000000, 190336.000000, 156174.000000, 147343.000000, 113363.000000, 
2469314.000000, 465711.000000, 784679.000000, 433823.000000, 246548.000000, 294153.000000, 206148.000000, 38252.000000, 
0.920000, 0.550000, 1.000000, 0.920000, 1.000000, 1.000000, 1.000000, 0.340000, 
1872491.000000, 230722.000000, 560756.000000, 473797.000000, 190336.000000, 156174.000000, 147343.000000, 113363.000000, 
1646074.000000, 186529.000000, 384722.000000, 369822.000000, 225800.000000, 264945.000000, 182379.000000, 31877.000000, 
0.880000, 0.810000, 0.690000, 0.780000, 1.000000, 1.000000, 1.000000, 0.280000, 
368814.000000, 2649.000000, 228031.000000, 138134.000000, 

453224.000000, 29344.000000, 65292.000000, 91336.000000, 98398.000000, 92837.000000, 57963.000000, 18054.000000, 
461672.000000, 71813.000000, 105316.000000, 74271.000000, 80118.000000, 75106.000000, 43288.000000, 11760.000000, 
291076.000000, 75572.000000, 92543.000000, 46567.000000, 28692.000000, 29736.000000, 14855.000000, 3111.000000, 
0.630000, 1.000000, 0.880000, 0.630000, 0.360000, 0.400000, 0.340000, 0.260000, 
367146.000000, 21373.000000, 61230.000000, 74271.000000, 80118.000000, 75106.000000, 43288.000000, 11760.000000, 
173764.000000, 18644.000000, 41369.000000, 42425.000000, 27305.000000, 27795.000000, 13440.000000, 2786.000000, 
0.470000, 0.870000, 0.680000, 0.570000, 0.340000, 0.370000, 0.310000, 0.240000, 
4570.000000, 25.000000, 3150.000000, 1395.000000, 

330639.000000, 18206.000000, 37262.000000, 54684.000000, 64461.000000, 75650.000000, 56281.000000, 24095.000000, 
377940.000000, 51718.000000, 82494.000000, 49000.000000, 58413.000000, 68585.000000, 50101.000000, 17629.000000, 
301048.000000, 52793.000000, 86024.000000, 45905.000000, 35724.000000, 44847.000000, 29096.000000, 6659.000000, 
0.800000, 1.000000, 1.000000, 0.940000, 0.610000, 0.650000, 0.580000, 0.380000, 
292856.000000, 13261.000000, 35867.000000, 49000.000000, 58413.000000, 68585.000000, 50101.000000, 17629.000000, 
153001.000000, 10735.000000, 26501.000000, 31882.000000, 26178.000000, 32616.000000, 20375.000000, 4714.000000, 
0.520000, 0.810000, 0.740000, 0.650000, 0.450000, 0.480000, 0.410000, 0.270000, 
0.000000, 0.000000, 0.000000, 0.000000, 

106581.000000, 6816.000000, 14092.000000, 19464.000000, 21539.000000, 22404.000000, 16017.000000, 6249.000000, 
117457.000000, 21137.000000, 24636.000000, 16972.000000, 18431.000000, 19148.000000, 13217.000000, 3916.000000, 
85867.000000, 20584.000000, 24636.000000, 12806.000000, 10483.000000, 10603.000000, 5692.000000, 1063.000000, 
0.730000, 0.970000, 1.000000, 0.750000, 0.570000, 0.550000, 0.430000, 0.270000, 
90338.000000, 5118.000000, 13536.000000, 16972.000000, 18431.000000, 19148.000000, 13217.000000, 3916.000000, 
53474.000000, 4760.000000, 11048.000000, 11834.000000, 9974.000000, 9892.000000, 5014.000000, 952.000000, 
0.590000, 0.930000, 0.820000, 0.700000, 0.540000, 0.520000, 0.380000, 0.240000, 
578.000000, 3.000000, 306.000000, 269.000000, 

92720.000000, 5983.000000, 12151.000000, 16352.000000, 16708.000000, 19118.000000, 16353.000000, 6055.000000, 
77681.000000, 14821.000000, 13266.000000, 12282.000000, 6329.000000, 14337.000000, 12273.000000, 4373.000000, 
98505.000000, 19560.000000, 24450.000000, 14328.000000, 12439.000000, 13924.000000, 10674.000000, 3130.000000, 
1.000000, 1.000000, 1.000000, 1.000000, 1.000000, 0.970000, 0.870000, 0.720000, 
66146.000000, 4812.000000, 11740.000000, 12282.000000, 6329.000000, 14337.000000, 12273.000000, 4373.000000, 
53288.000000, 4394.000000, 9477.000000, 10574.000000, 9549.000000, 10468.000000, 7160.000000, 1666.000000, 
0.810000, 0.910000, 0.810000, 0.860000, 1.000000, 0.730000, 0.580000, 0.380000, 
8520.000000, 276.000000, 5175.000000, 3069.000000, 

2151566.000000, 142691.000000, 287093.000000, 403293.000000, 427525.000000, 459393.000000, 320464.000000, 111107.000000, 
2119342.000000, 417402.000000, 493566.000000, 345087.000000, 175617.000000, 369068.000000, 251065.000000, 67537.000000, 
1910380.000000, 496575.000000, 579685.000000, 307589.000000, 198936.000000, 208330.000000, 105595.000000, 13670.000000, 
0.900000, 1.000000, 1.000000, 0.890000, 1.000000, 0.560000, 0.420000, 0.200000, 
1596620.000000, 114033.000000, 274213.000000, 345087.000000, 175617.000000, 369068.000000, 251065.000000, 67537.000000, 
812115.000000, 98394.000000, 199184.000000, 194356.000000, 123941.000000, 125698.000000, 62283.000000, 8259.000000, 
0.510000, 0.860000, 0.730000, 0.560000, 0.710000, 0.340000, 0.250000, 0.120000, 
165611.000000, 1732.000000, 104690.000000, 59189.000000, 

1259942.000000, 94383.000000, 185373.000000, 245115.000000, 252207.000000, 257671.000000, 171068.000000, 54125.000000, 
1487882.000000, 302698.000000, 375486.000000, 208570.000000, 213518.000000, 217682.000000, 138117.000000, 31811.000000, 
884929.000000, 225314.000000, 312713.000000, 146778.000000, 78230.000000, 82290.000000, 37167.000000, 2437.000000, 
0.590000, 0.740000, 0.830000, 0.700000, 0.370000, 0.380000, 0.270000, 0.080000, 
1048466.000000, 66527.000000, 172241.000000, 208570.000000, 213518.000000, 217682.000000, 138117.000000, 31811.000000, 
515823.000000, 59563.000000, 135039.000000, 132877.000000, 74225.000000, 77314.000000, 34591.000000, 2214.000000, 
0.490000, 0.900000, 0.780000, 0.640000, 0.350000, 0.360000, 0.250000, 0.070000, 
92795.000000, 7070.000000, 69751.000000, 15974.000000, 

158907.000000, 9018.000000, 19491.000000, 27625.000000, 31695.000000, 34078.000000, 25487.000000, 11513.000000, 
120626.000000, 17640.000000, 33286.000000, 23725.000000, 13732.000000, 17648.000000, 10980.000000, 3615.000000, 
115954.000000, 24105.000000, 37456.000000, 18692.000000, 11927.000000, 13295.000000, 9260.000000, 1219.000000, 
0.960000, 1.000000, 1.000000, 0.790000, 0.870000, 0.750000, 0.840000, 0.340000, 
93670.000000, 5880.000000, 18090.000000, 23725.000000, 13732.000000, 17648.000000, 10980.000000, 3615.000000, 
71328.000000, 5636.000000, 15204.000000, 17098.000000, 11281.000000, 12507.000000, 8500.000000, 1102.000000, 
0.760000, 0.960000, 0.840000, 0.720000, 0.820000, 0.710000, 0.770000, 0.300000, 
9411.000000, 672.000000, 7261.000000, 1478.000000, 

191808.000000, 12249.000000, 25688.000000, 36149.000000, 40521.000000, 41754.000000, 27503.000000, 7944.000000, 
239443.000000, 66069.000000, 51213.000000, 29614.000000, 33231.000000, 34198.000000, 22001.000000, 3117.000000, 
130114.000000, 33540.000000, 40380.000000, 19337.000000, 13589.000000, 15163.000000, 7227.000000, 878.000000, 
0.540000, 0.510000, 0.790000, 0.650000, 0.410000, 0.440000, 0.330000, 0.280000, 
159378.000000, 12235.000000, 24982.000000, 29614.000000, 33231.000000, 34198.000000, 22001.000000, 3117.000000, 
81231.000000, 10645.000000, 18653.000000, 17532.000000, 12848.000000, 14073.000000, 6654.000000, 826.000000, 
0.510000, 0.870000, 0.750000, 0.590000, 0.390000, 0.410000, 0.300000, 0.260000, 
5395.000000, 34.000000, 3319.000000, 2042.000000, 

1671732.000000, 73808.000000, 195965.000000, 306226.000000, 355449.000000, 380609.000000, 274056.000000, 85619.000000, 
1431109.000000, 218022.000000, 370543.000000, 293751.000000, 170541.000000, 219516.000000, 130768.000000, 27968.000000, 
1566956.000000, 232852.000000, 422879.000000, 327424.000000, 175603.000000, 255340.000000, 131763.000000, 21095.000000, 
1.000000, 1.000000, 1.000000, 1.000000, 1.000000, 1.000000, 1.000000, 0.750000, 
1092290.000000, 58621.000000, 191125.000000, 293751.000000, 170541.000000, 219516.000000, 130768.000000, 27968.000000, 
827197.000000, 53016.000000, 155195.000000, 201285.000000, 129086.000000, 174542.000000, 92978.000000, 21095.000000, 
0.760000, 0.900000, 0.810000, 0.690000, 0.760000, 0.800000, 0.710000, 0.750000, 
454163.000000, 52783.000000, 201866.000000, 199514.000000, 

786263.000000, 50122.000000, 101933.000000, 138757.000000, 160282.000000, 174626.000000, 122211.000000, 38332.000000, 
936501.000000, 167021.000000, 223180.000000, 121796.000000, 142142.000000, 154692.000000, 103139.000000, 24531.000000, 
519644.000000, 106750.000000, 166599.000000, 81384.000000, 56472.000000, 68768.000000, 36219.000000, 3452.000000, 
0.550000, 0.640000, 0.750000, 0.670000, 0.400000, 0.440000, 0.350000, 0.140000, 
680894.000000, 36708.000000, 97886.000000, 121796.000000, 142142.000000, 154692.000000, 103139.000000, 24531.000000, 
319457.000000, 31698.000000, 71561.000000, 68776.000000, 51046.000000, 60990.000000, 32204.000000, 3182.000000, 
0.470000, 0.860000, 0.730000, 0.560000, 0.360000, 0.390000, 0.310000, 0.130000, 
14825.000000, 190.000000, 8941.000000, 5694.000000, 

314949.000000, 20586.000000, 41883.000000, 57441.000000, 62845.000000, 65656.000000, 45799.000000, 20739.000000, 
238809.000000, 53017.000000, 61961.000000, 44242.000000, 24832.000000, 30881.000000, 17399.000000, 6477.000000, 
281260.000000, 60120.000000, 85731.000000, 47500.000000, 23087.000000, 27134.000000, 24706.000000, 12982.000000, 
1.000000, 1.000000, 1.000000, 1.000000, 0.930000, 0.880000, 1.000000, 1.000000, 
178827.000000, 15779.000000, 39217.000000, 44242.000000, 24832.000000, 30881.000000, 17399.000000, 6477.000000, 
143974.000000, 14673.000000, 32025.000000, 34681.000000, 18442.000000, 21516.000000, 16098.000000, 6539.000000, 
0.810000, 0.930000, 0.820000, 0.780000, 0.740000, 0.700000, 0.930000, 1.000000, 
28090.000000, 122.000000, 16000.000000, 11968.000000, 

259187.000000, 19472.000000, 40165.000000, 52243.000000, 52620.000000, 49961.000000, 32596.000000, 12130.000000, 
311514.000000, 59568.000000, 86339.000000, 44487.000000, 44143.000000, 42327.000000, 26839.000000, 7811.000000, 
248670.000000, 67321.000000, 67461.000000, 37268.000000, 23545.000000, 24402.000000, 18821.000000, 9852.000000, 
0.800000, 1.000000, 0.780000, 0.840000, 0.530000, 0.580000, 0.700000, 1.000000, 
218987.000000, 15505.000000, 37875.000000, 44487.000000, 44143.000000, 42327.000000, 26839.000000, 7811.000000, 
126612.000000, 14588.000000, 26903.000000, 29273.000000, 19829.000000, 19612.000000, 12471.000000, 3936.000000, 
0.580000, 0.940000, 0.710000, 0.660000, 0.450000, 0.460000, 0.460000, 0.500000, 
24439.000000, 342.000000, 15214.000000, 8883.000000, 

551370.000000, 33875.000000, 69054.000000, 98416.000000, 111353.000000, 123445.000000, 87547.000000, 27680.000000, 
514568.000000, 78459.000000, 111825.000000, 81929.000000, 46863.000000, 106373.000000, 73193.000000, 15926.000000, 
430550.000000, 88727.000000, 133700.000000, 71596.000000, 36955.000000, 62732.000000, 32482.000000, 4358.000000, 
0.840000, 1.000000, 1.000000, 0.870000, 0.790000, 0.590000, 0.440000, 0.270000, 
416801.000000, 26578.000000, 65939.000000, 81929.000000, 46863.000000, 106373.000000, 73193.000000, 15926.000000, 
242564.000000, 24427.000000, 50944.000000, 56761.000000, 30776.000000, 50557.000000, 25637.000000, 3462.000000, 
0.580000, 0.920000, 0.770000, 0.690000, 0.660000, 0.480000, 0.350000, 0.220000, 
48583.000000, 1005.000000, 30740.000000, 16838.000000, 

823708.000000, 45657.000000, 95656.000000, 143467.000000, 164774.000000, 188574.000000, 138237.000000, 47343.000000, 
719292.000000, 139202.000000, 179596.000000, 136062.000000, 77248.000000, 106792.000000, 64478.000000, 15914.000000, 
669988.000000, 142434.000000, 193056.000000, 112099.000000, 67408.000000, 92145.000000, 56397.000000, 6449.000000, 
0.930000, 1.000000, 1.000000, 0.820000, 0.870000, 0.860000, 0.870000, 0.410000, 
530866.000000, 36830.000000, 93542.000000, 136062.000000, 77248.000000, 106792.000000, 64478.000000, 15914.000000, 
387627.000000, 35201.000000, 77025.000000, 88805.000000, 59029.000000, 76176.000000, 45859.000000, 5532.000000, 
0.730000, 0.960000, 0.820000, 0.650000, 0.760000, 0.710000, 0.710000, 0.350000, 
75065.000000, 582.000000, 50174.000000, 24309.000000, 

138097.000000, 7279.000000, 14975.000000, 21700.000000, 26779.000000, 31571.000000, 23667.000000, 12126.000000, 
156813.000000, 21393.000000, 28016.000000, 20265.000000, 25039.000000, 29497.000000, 21770.000000, 10833.000000, 
137050.000000, 29186.000000, 41532.000000, 18308.000000, 15849.000000, 18475.000000, 10669.000000, 3031.000000, 
0.870000, 1.000000, 1.000000, 0.900000, 0.630000, 0.630000, 0.490000, 0.280000, 
127994.000000, 5845.000000, 14745.000000, 20265.000000, 25039.000000, 29497.000000, 21770.000000, 10833.000000, 
64776.000000, 5434.000000, 12041.000000, 12732.000000, 11323.000000, 13264.000000, 7650.000000, 2332.000000, 
0.510000, 0.930000, 0.820000, 0.630000, 0.450000, 0.450000, 0.350000, 0.220000, 
2636.000000, 31.000000, 2126.000000, 479.000000, 

622131.000000, 37847.000000, 79304.000000, 111865.000000, 121260.000000, 132562.000000, 96644.000000, 42649.000000, 
700169.000000, 112098.000000, 141091.000000, 100600.000000, 108917.000000, 119058.000000, 85386.000000, 33019.000000, 
646501.000000, 145510.000000, 185347.000000, 93678.000000, 75345.000000, 80206.000000, 53112.000000, 13303.000000, 
0.920000, 1.000000, 1.000000, 0.930000, 0.690000, 0.670000, 0.620000, 0.400000, 
554309.000000, 30634.000000, 76695.000000, 100600.000000, 108917.000000, 119058.000000, 85386.000000, 33019.000000, 
351554.000000, 28666.000000, 65522.000000, 75757.000000, 62916.000000, 65969.000000, 42174.000000, 10550.000000, 
0.630000, 0.940000, 0.850000, 0.750000, 0.580000, 0.550000, 0.490000, 0.320000, 
64041.000000, 953.000000, 38958.000000, 24130.000000, 

616447.000000, 39234.000000, 75646.000000, 102234.000000, 113674.000000, 130408.000000, 105662.000000, 49589.000000, 
599242.000000, 84746.000000, 117184.000000, 82455.000000, 91805.000000, 104619.000000, 83706.000000, 34727.000000, 
715035.000000, 106299.000000, 198866.000000, 109461.000000, 94073.000000, 104205.000000, 79055.000000, 23076.000000, 
1.000000, 1.000000, 1.000000, 1.000000, 1.000000, 1.000000, 0.940000, 0.660000, 
490664.000000, 25222.000000, 68130.000000, 82455.000000, 91805.000000, 104619.000000, 83706.000000, 34727.000000, 
348414.000000, 19183.000000, 59643.000000, 67860.000000, 65411.000000, 72310.000000, 50445.000000, 13562.000000, 
0.710000, 0.760000, 0.880000, 0.820000, 0.710000, 0.690000, 0.600000, 0.390000, 
81690.000000, 2394.000000, 39583.000000, 39713.000000, 

1256116.000000, 71804.000000, 141553.000000, 200905.000000, 241688.000000, 282743.000000, 215058.000000, 102365.000000, 
1460574.000000, 248219.000000, 249039.000000, 237286.000000, 215265.000000, 251690.000000, 182214.000000, 76861.000000, 
1115600.000000, 257159.000000, 302385.000000, 162267.000000, 119316.000000, 154102.000000, 94598.000000, 25773.000000, 
0.760000, 1.000000, 1.000000, 0.680000, 0.550000, 0.610000, 0.520000, 0.340000, 
1115499.000000, 58132.000000, 136839.000000, 194498.000000, 215265.000000, 251690.000000, 182214.000000, 76861.000000, 
567026.000000, 53293.000000, 105294.000000, 115149.000000, 91099.000000, 113718.000000, 69176.000000, 19297.000000, 
0.510000, 0.920000, 0.770000, 0.590000, 0.420000, 0.450000, 0.380000, 0.250000, 
157601.000000, 2901.000000, 94696.000000, 60004.000000, 

482446.000000, 31733.000000, 64475.000000, 83977.000000, 94491.000000, 99574.000000, 71492.000000, 36704.000000, 
391194.000000, 78211.000000, 108025.000000, 69837.000000, 40330.000000, 51064.000000, 30257.000000, 13470.000000, 
338715.000000, 89856.000000, 112340.000000, 50479.000000, 28607.000000, 32789.000000, 18360.000000, 6284.000000, 
0.870000, 1.000000, 1.000000, 0.720000, 0.710000, 0.640000, 0.610000, 0.470000, 
292068.000000, 25685.000000, 61425.000000, 69837.000000, 40330.000000, 51064.000000, 30257.000000, 13470.000000, 
200035.000000, 23464.000000, 48899.000000, 46477.000000, 27275.000000, 30873.000000, 17114.000000, 5933.000000, 
0.680000, 0.910000, 0.800000, 0.670000, 0.680000, 0.600000, 0.570000, 0.440000, 
44838.000000, 1581.000000, 34207.000000, 9050.000000, 

433617.000000, 32159.000000, 60509.000000, 86380.000000, 87545.000000, 92654.000000, 59499.000000, 14871.000000, 
447512.000000, 80971.000000, 78376.000000, 75218.000000, 74230.000000, 79231.000000, 50626.000000, 8860.000000, 
280497.000000, 84280.000000, 93431.000000, 46422.000000, 20685.000000, 23003.000000, 11688.000000, 988.000000, 
0.630000, 1.000000, 1.000000, 0.620000, 0.280000, 0.290000, 0.230000, 0.110000, 
370664.000000, 25705.000000, 56794.000000, 75218.000000, 74230.000000, 79231.000000, 50626.000000, 8860.000000, 
153845.000000, 23031.000000, 40188.000000, 40162.000000, 18695.000000, 20396.000000, 10469.000000, 904.000000, 
0.420000, 0.900000, 0.710000, 0.530000, 0.250000, 0.260000, 0.210000, 0.100000, 
56745.000000, 1502.000000, 28823.000000, 26420.000000, 

697563.000000, 43470.000000, 88699.000000, 125412.000000, 140718.000000, 152571.000000, 110125.000000, 36568.000000, 
559509.000000, 101381.000000, 151914.000000, 108273.000000, 61353.000000, 79275.000000, 46353.000000, 10960.000000, 
689731.000000, 150356.000000, 206861.000000, 126025.000000, 65478.000000, 75207.000000, 51494.000000, 14310.000000, 
1.000000, 1.000000, 1.000000, 1.000000, 1.000000, 0.950000, 1.000000, 1.000000, 
420877.000000, 31194.000000, 83469.000000, 108273.000000, 61353.000000, 79275.000000, 46353.000000, 10960.000000, 
314555.000000, 29865.000000, 68141.000000, 74274.000000, 46552.000000, 53437.000000, 34075.000000, 8211.000000, 
0.750000, 0.960000, 0.820000, 0.690000, 0.760000, 0.670000, 0.740000, 0.750000, 
70519.000000, 1177.000000, 39260.000000, 30082.000000, 

87617.000000, 5813.000000, 11792.000000, 16559.000000, 18356.000000, 18603.000000, 12527.000000, 3967.000000, 
70123.000000, 13788.000000, 19369.000000, 13731.000000, 7794.000000, 9275.000000, 5024.000000, 1142.000000, 
69958.000000, 20034.000000, 23699.000000, 11146.000000, 5097.000000, 6364.000000, 3226.000000, 392.000000, 
1.000000, 1.000000, 1.000000, 0.810000, 0.650000, 0.690000, 0.640000, 0.340000, 
52694.000000, 4596.000000, 11132.000000, 13731.000000, 7794.000000, 9275.000000, 5024.000000, 1142.000000, 
29325.000000, 4133.000000, 7622.000000, 7150.000000, 3503.000000, 4390.000000, 2248.000000, 279.000000, 
0.560000, 0.900000, 0.680000, 0.520000, 0.450000, 0.470000, 0.450000, 0.240000, 
1235.000000, 9.000000, 468.000000, 758.000000, 

172029.000000, 11449.000000, 25316.000000, 34079.000000, 36480.000000, 34797.000000, 22215.000000, 7693.000000, 
183861.000000, 30730.000000, 49277.000000, 26744.000000, 28938.000000, 27881.000000, 16915.000000, 3376.000000, 
128686.000000, 34497.000000, 42679.000000, 20241.000000, 8666.000000, 14352.000000, 7395.000000, 856.000000, 
0.700000, 1.000000, 0.870000, 0.760000, 0.300000, 0.510000, 0.440000, 0.250000, 
137474.000000, 9333.000000, 24287.000000, 26744.000000, 28938.000000, 27881.000000, 16915.000000, 3376.000000, 
69497.000000, 8537.000000, 17754.000000, 16540.000000, 7596.000000, 12204.000000, 6176.000000, 690.000000, 
0.510000, 0.910000, 0.730000, 0.620000, 0.260000, 0.440000, 0.370000, 0.200000, 
9709.000000, 79.000000, 5780.000000, 3850.000000, 

247282.000000, 19246.000000, 37315.000000, 49229.000000, 50277.000000, 48426.000000, 32028.000000, 10761.000000, 
202547.000000, 45102.000000, 59128.000000, 39563.000000, 20013.000000, 23281.000000, 12267.000000, 3193.000000, 
169786.000000, 45270.000000, 52964.000000, 30600.000000, 17068.000000, 16295.000000, 6949.000000, 640.000000, 
0.840000, 1.000000, 0.900000, 0.770000, 0.850000, 0.700000, 0.570000, 0.200000, 
148132.000000, 15034.000000, 34781.000000, 39563.000000, 20013.000000, 23281.000000, 12267.000000, 3193.000000, 
99019.000000, 13303.000000, 25608.000000, 24534.000000, 14957.000000, 14003.000000, 6023.000000, 591.000000, 
0.670000, 0.880000, 0.740000, 0.620000, 0.750000, 0.600000, 0.490000, 0.190000, 
9079.000000, 125.000000, 4848.000000, 4106.000000, 

101657.000000, 5865.000000, 11950.000000, 17150.000000, 20439.000000, 23853.000000, 17534.000000, 4866.000000, 
97175.000000, 16459.000000, 19987.000000, 14517.000000, 8770.000000, 20276.000000, 14496.000000, 2670.000000, 
76395.000000, 13098.000000, 21629.000000, 11531.000000, 10383.000000, 12018.000000, 6981.000000, 755.000000, 
0.790000, 0.800000, 1.000000, 0.790000, 1.000000, 0.590000, 0.480000, 0.280000, 
76048.000000, 4219.000000, 11100.000000, 14517.000000, 8770.000000, 20276.000000, 14496.000000, 2670.000000, 
54318.000000, 4010.000000, 9689.000000, 11071.000000, 10234.000000, 11842.000000, 6750.000000, 722.000000, 
0.710000, 0.950000, 0.870000, 0.760000, 1.000000, 0.580000, 0.470000, 0.270000, 
1709.000000, 50.000000, 1268.000000, 391.000000, 

736451.000000, 44992.000000, 96182.000000, 134919.000000, 150117.000000, 157581.000000, 111771.000000, 40889.000000, 
817990.000000, 109793.000000, 172031.000000, 122719.000000, 138234.000000, 144412.000000, 100645.000000, 30156.000000, 
740236.000000, 133325.000000, 215082.000000, 127273.000000, 93405.000000, 99945.000000, 60143.000000, 11063.000000, 
0.900000, 1.000000, 1.000000, 1.000000, 0.680000, 0.690000, 0.600000, 0.370000, 
658170.000000, 30498.000000, 91506.000000, 122719.000000, 138234.000000, 144412.000000, 100645.000000, 30156.000000, 
411747.000000, 29545.000000, 78301.000000, 91151.000000, 76465.000000, 80423.000000, 47353.000000, 8509.000000, 
0.630000, 0.970000, 0.860000, 0.740000, 0.550000, 0.560000, 0.470000, 0.280000, 
89925.000000, 1917.000000, 45657.000000, 42351.000000, 

380942.000000, 20742.000000, 45381.000000, 68703.000000, 80003.000000, 86824.000000, 61824.000000, 17465.000000, 
339465.000000, 65703.000000, 77704.000000, 54534.000000, 31754.000000, 55453.000000, 48260.000000, 6057.000000, 
272656.000000, 57870.000000, 81501.000000, 43354.000000, 30463.000000, 38030.000000, 19662.000000, 1776.000000, 
0.800000, 0.880000, 1.000000, 0.790000, 0.960000, 0.690000, 0.410000, 0.290000, 
256559.000000, 16847.000000, 43654.000000, 54534.000000, 31754.000000, 55453.000000, 48260.000000, 6057.000000, 
154679.000000, 14978.000000, 32739.000000, 34608.000000, 24933.000000, 30506.000000, 15399.000000, 1516.000000, 
0.600000, 0.890000, 0.750000, 0.630000, 0.790000, 0.550000, 0.320000, 0.250000, 
12050.000000, 254.000000, 6118.000000, 5678.000000, 

2195999.000000, 147856.000000, 295145.000000, 375667.000000, 403816.000000, 430553.000000, 343359.000000, 199603.000000, 
2340266.000000, 623491.000000, 378229.000000, 330218.000000, 179325.000000, 377130.000000, 295746.000000, 156127.000000, 
2182479.000000, 446112.000000, 654206.000000, 376140.000000, 277182.000000, 266517.000000, 143303.000000, 19019.000000, 
0.930000, 0.720000, 1.000000, 1.000000, 1.000000, 0.710000, 0.480000, 0.120000, 
1756939.000000, 136577.000000, 281816.000000, 330218.000000, 179325.000000, 377130.000000, 295746.000000, 156127.000000, 
1097215.000000, 114770.000000, 223444.000000, 239540.000000, 201575.000000, 194439.000000, 107446.000000, 16001.000000, 
0.620000, 0.840000, 0.790000, 0.730000, 1.000000, 0.520000, 0.360000, 0.100000, 
15702.000000, 344.000000, 9913.000000, 5445.000000, 

1138813.000000, 74309.000000, 156831.000000, 227896.000000, 224336.000000, 227909.000000, 156316.000000, 71216.000000, 
1107835.000000, 149488.000000, 207291.000000, 200321.000000, 185611.000000, 191133.000000, 126787.000000, 47204.000000, 
918712.000000, 241254.000000, 292923.000000, 160527.000000, 83370.000000, 91105.000000, 44030.000000, 5503.000000, 
0.830000, 1.000000, 1.000000, 0.800000, 0.450000, 0.480000, 0.350000, 0.120000, 
962665.000000, 60282.000000, 151327.000000, 200321.000000, 185611.000000, 191133.000000, 126787.000000, 47204.000000, 
551672.000000, 57877.000000, 127738.000000, 150060.000000, 80830.000000, 87806.000000, 42047.000000, 5314.000000, 
0.570000, 0.960000, 0.840000, 0.750000, 0.440000, 0.460000, 0.330000, 0.110000, 
94624.000000, 362.000000, 73473.000000, 20789.000000, 

52351.000000, 3718.000000, 7704.000000, 10396.000000, 10176.000000, 9696.000000, 6692.000000, 3969.000000, 
56275.000000, 12752.000000, 12444.000000, 8423.000000, 8042.000000, 7543.000000, 4994.000000, 2077.000000, 
31722.000000, 9480.000000, 9448.000000, 4614.000000, 2334.000000, 3445.000000, 1967.000000, 434.000000, 
0.560000, 0.740000, 0.760000, 0.550000, 0.290000, 0.460000, 0.390000, 0.210000, 
41169.000000, 2938.000000, 7152.000000, 8423.000000, 8042.000000, 7543.000000, 4994.000000, 2077.000000, 
18383.000000, 2698.000000, 4714.000000, 3970.000000, 2067.000000, 2908.000000, 1660.000000, 366.000000, 
0.450000, 0.920000, 0.660000, 0.470000, 0.260000, 0.390000, 0.330000, 0.180000, 
1743.000000, 37.000000, 934.000000, 772.000000, 

1414340.000000, 78523.000000, 166542.000000, 240649.000000, 279498.000000, 319871.000000, 230940.000000, 98317.000000, 
1650384.000000, 251247.000000, 372469.000000, 214932.000000, 252324.000000, 287875.000000, 201240.000000, 70297.000000, 
962430.000000, 216443.000000, 294243.000000, 155936.000000, 98460.000000, 116739.000000, 70176.000000, 10433.000000, 
0.580000, 0.860000, 0.790000, 0.730000, 0.390000, 0.410000, 0.350000, 0.150000, 
1242608.000000, 56082.000000, 159858.000000, 214932.000000, 252324.000000, 287875.000000, 201240.000000, 70297.000000, 
574943.000000, 52146.000000, 124779.000000, 135356.000000, 88599.000000, 103849.000000, 61151.000000, 9063.000000, 
0.460000, 0.930000, 0.780000, 0.630000, 0.350000, 0.360000, 0.300000, 0.130000, 
107421.000000, 1466.000000, 67147.000000, 38808.000000, 

608318.000000, 39415.000000, 82281.000000, 110564.000000, 125540.000000, 132498.000000, 88582.000000, 29438.000000, 
457124.000000, 109040.000000, 99124.000000, 89575.000000, 51457.000000, 65155.000000, 34754.000000, 8019.000000, 
337778.000000, 96211.000000, 108455.000000, 50057.000000, 30729.000000, 35235.000000, 15762.000000, 1329.000000, 
0.740000, 0.880000, 1.000000, 0.560000, 0.600000, 0.540000, 0.450000, 0.170000, 
354360.000000, 27959.000000, 77441.000000, 89575.000000, 51457.000000, 65155.000000, 34754.000000, 8019.000000, 
195169.000000, 24850.000000, 50368.000000, 43891.000000, 28415.000000, 32075.000000, 14322.000000, 1248.000000, 
0.550000, 0.890000, 0.650000, 0.490000, 0.550000, 0.490000, 0.410000, 0.160000, 
5872.000000, 79.000000, 3968.000000, 1825.000000, 

370105.000000, 25728.000000, 51495.000000, 71383.000000, 72301.000000, 75024.000000, 54208.000000, 19966.000000, 
275785.000000, 60388.000000, 66548.000000, 61422.000000, 31486.000000, 26175.000000, 22618.000000, 7148.000000, 
248809.000000, 73782.000000, 85800.000000, 37912.000000, 19594.000000, 19704.000000, 10240.000000, 1777.000000, 
0.900000, 1.000000, 1.000000, 0.620000, 0.620000, 0.750000, 0.450000, 0.250000, 
216005.000000, 18581.000000, 48575.000000, 61422.000000, 31486.000000, 26175.000000, 22618.000000, 7148.000000, 
137255.000000, 17691.000000, 38002.000000, 34351.000000, 18151.000000, 18173.000000, 9245.000000, 1642.000000, 
0.640000, 0.950000, 0.780000, 0.560000, 0.580000, 0.690000, 0.410000, 0.230000, 
9188.000000, 144.000000, 5375.000000, 3669.000000, 

1256075.000000, 71336.000000, 153149.000000, 215268.000000, 238836.000000, 262854.000000, 202437.000000, 112195.000000, 
1196676.000000, 207352.000000, 249887.000000, 177745.000000, 99274.000000, 216059.000000, 162565.000000, 83794.000000, 
892315.000000, 187000.000000, 267494.000000, 129367.000000, 101569.000000, 109568.000000, 76016.000000, 21301.000000, 
0.750000, 0.900000, 1.000000, 0.730000, 1.000000, 0.510000, 0.470000, 0.250000, 
938731.000000, 53999.000000, 145295.000000, 177745.000000, 99274.000000, 216059.000000, 162565.000000, 83794.000000, 
572401.000000, 49577.000000, 114225.000000, 117559.000000, 98377.000000, 105330.000000, 68886.000000, 18447.000000, 
0.610000, 0.920000, 0.790000, 0.660000, 0.990000, 0.490000, 0.420000, 0.220000, 
96934.000000, 4820.000000, 63981.000000, 28133.000000, 

114681.000000, 6245.000000, 13065.000000, 19330.000000, 22817.000000, 26208.000000, 20377.000000, 6639.000000, 
115962.000000, 16015.000000, 21574.000000, 16058.000000, 19183.000000, 22032.000000, 16902.000000, 4198.000000, 
84924.000000, 17244.000000, 23309.000000, 11446.000000, 10446.000000, 12561.000000, 8568.000000, 1350.000000, 
0.730000, 1.000000, 1.000000, 0.710000, 0.540000, 0.570000, 0.510000, 0.320000, 
95077.000000, 4305.000000, 12399.000000, 16058.000000, 19183.000000, 22032.000000, 16902.000000, 4198.000000, 
55546.000000, 4150.000000, 9716.000000, 10378.000000, 10175.000000, 11953.000000, 7934.000000, 1240.000000, 
0.580000, 0.960000, 0.780000, 0.650000, 0.530000, 0.540000, 0.470000, 0.300000, 
12142.000000, 334.000000, 6644.000000, 5164.000000, 

609391.000000, 38493.000000, 79181.000000, 111547.000000, 121547.000000, 132672.000000, 92806.000000, 33145.000000, 
487621.000000, 115290.000000, 102192.000000, 97101.000000, 53374.000000, 69616.000000, 40528.000000, 9520.000000, 
409958.000000, 111848.000000, 141736.000000, 60050.000000, 36479.000000, 39136.000000, 18952.000000, 1757.000000, 
0.840000, 0.970000, 1.000000, 0.620000, 0.680000, 0.560000, 0.470000, 0.180000, 
376829.000000, 30992.000000, 75698.000000, 97101.000000, 53374.000000, 69616.000000, 40528.000000, 9520.000000, 
236078.000000, 29138.000000, 59676.000000, 55540.000000, 35009.000000, 37148.000000, 17876.000000, 1691.000000, 
0.630000, 0.940000, 0.790000, 0.570000, 0.660000, 0.530000, 0.440000, 0.180000, 
11348.000000, 241.000000, 8056.000000, 3051.000000, 

97031.000000, 6231.000000, 12604.000000, 18200.000000, 20199.000000, 20492.000000, 14452.000000, 4853.000000, 
107212.000000, 21357.000000, 20992.000000, 15361.000000, 17268.000000, 17475.000000, 11986.000000, 2773.000000, 
69599.000000, 14260.000000, 20409.000000, 12206.000000, 7246.000000, 8338.000000, 5732.000000, 1408.000000, 
0.650000, 0.670000, 0.970000, 0.790000, 0.420000, 0.480000, 0.480000, 0.510000, 
81711.000000, 4921.000000, 11927.000000, 15361.000000, 17268.000000, 17475.000000, 11986.000000, 2773.000000, 
42651.000000, 4406.000000, 9121.000000, 9763.000000, 6306.000000, 7006.000000, 4858.000000, 1191.000000, 
0.520000, 0.900000, 0.760000, 0.640000, 0.370000, 0.400000, 0.410000, 0.430000, 
3235.000000, 16.000000, 1706.000000, 1513.000000, 

892781.000000, 56299.000000, 104381.000000, 150701.000000, 167217.000000, 183286.000000, 133119.000000, 97778.000000, 
822764.000000, 135000.000000, 137359.000000, 134361.000000, 74543.000000, 161547.000000, 114456.000000, 65498.000000, 
863211.000000, 141201.000000, 250636.000000, 147290.000000, 100789.000000, 118194.000000, 71864.000000, 33237.000000, 
1.000000, 1.000000, 1.000000, 1.000000, 1.000000, 0.730000, 0.630000, 0.510000, 
689088.000000, 40912.000000, 97771.000000, 134361.000000, 74543.000000, 161547.000000, 114456.000000, 65498.000000, 
442454.000000, 38524.000000, 82005.000000, 98842.000000, 71908.000000, 82684.000000, 48105.000000, 20386.000000, 
0.640000, 0.940000, 0.840000, 0.740000, 0.960000, 0.510000, 0.420000, 0.310000, 
81883.000000, 1145.000000, 53874.000000, 26864.000000, 

3545534.000000, 258412.000000, 508721.000000, 687013.000000, 740374.000000, 722755.000000, 461975.000000, 166284.000000, 
4110350.000000, 863717.000000, 1039756.000000, 570098.000000, 601612.000000, 584123.000000, 356010.000000, 95034.000000, 
3115874.000000, 710398.000000, 931905.000000, 510201.000000, 395361.000000, 379521.000000, 174492.000000, 13996.000000, 
0.760000, 0.820000, 0.900000, 0.890000, 0.660000, 0.650000, 0.490000, 0.150000, 
2877458.000000, 186955.000000, 483626.000000, 570098.000000, 601612.000000, 584123.000000, 356010.000000, 95034.000000, 
1845144.000000, 175765.000000, 395189.000000, 419408.000000, 351010.000000, 335701.000000, 155284.000000, 12787.000000, 
0.640000, 0.940000, 0.820000, 0.740000, 0.580000, 0.570000, 0.440000, 0.130000, 
323413.000000, 11574.000000, 203441.000000, 108398.000000, 

226480.000000, 20609.000000, 40083.000000, 51146.000000, 44736.000000, 39247.000000, 24091.000000, 6568.000000, 
250599.000000, 84528.000000, 60519.000000, 39405.000000, 16253.000000, 29251.000000, 17306.000000, 3337.000000, 
190042.000000, 64317.000000, 66131.000000, 29033.000000, 12602.000000, 11911.000000, 5750.000000, 298.000000, 
0.760000, 0.760000, 1.000000, 0.740000, 0.780000, 0.410000, 0.330000, 0.090000, 
159403.000000, 17393.000000, 36458.000000, 39405.000000, 16253.000000, 29251.000000, 17306.000000, 3337.000000, 
94830.000000, 15475.000000, 28505.000000, 24319.000000, 11104.000000, 10293.000000, 4864.000000, 270.000000, 
0.590000, 0.890000, 0.780000, 0.620000, 0.680000, 0.350000, 0.280000, 0.080000, 
14972.000000, 7487.000000, 5400.000000, 2085.000000, 

63201.000000, 3523.000000, 6837.000000, 10683.000000, 13215.000000, 15569.000000, 10544.000000, 2830.000000, 
68022.000000, 11466.000000, 12863.000000, 10170.000000, 6358.000000, 14825.000000, 9981.000000, 2359.000000, 
45635.000000, 9828.000000, 13237.000000, 6673.000000, 5402.000000, 6409.000000, 3700.000000, 386.000000, 
0.670000, 0.860000, 1.000000, 0.660000, 0.850000, 0.430000, 0.370000, 0.160000, 
52916.000000, 2520.000000, 6703.000000, 10170.000000, 6358.000000, 14825.000000, 9981.000000, 2359.000000, 
29761.000000, 2474.000000, 5489.000000, 6280.000000, 5296.000000, 6286.000000, 3569.000000, 367.000000, 
0.560000, 0.980000, 0.820000, 0.620000, 0.830000, 0.420000, 0.360000, 0.160000, 
5354.000000, 23.000000, 4234.000000, 1097.000000, 

678139.000000, 42928.000000, 89076.000000, 125993.000000, 138827.000000, 146416.000000, 101902.000000, 32997.000000, 
544812.000000, 110608.000000, 145341.000000, 105297.000000, 57954.000000, 73790.000000, 42454.000000, 9368.000000, 
378024.000000, 77472.000000, 125881.000000, 67497.000000, 36437.000000, 42689.000000, 25173.000000, 2875.000000, 
0.690000, 0.700000, 0.870000, 0.640000, 0.630000, 0.580000, 0.590000, 0.310000, 
403596.000000, 30225.000000, 84508.000000, 105297.000000, 57954.000000, 73790.000000, 42454.000000, 9368.000000, 
249165.000000, 21934.000000, 62159.000000, 62860.000000, 35322.000000, 40914.000000, 23287.000000, 2689.000000, 
0.620000, 0.730000, 0.740000, 0.600000, 0.610000, 0.550000, 0.550000, 0.290000, 
42366.000000, 383.000000, 23304.000000, 18679.000000, 

826999.000000, 47378.000000, 102368.000000, 149448.000000, 169615.000000, 185181.000000, 131220.000000, 41789.000000, 
638824.000000, 122128.000000, 137446.000000, 133336.000000, 76538.000000, 99333.000000, 57412.000000, 12631.000000, 
538037.000000, 123645.000000, 174552.000000, 88066.000000, 56599.000000, 62439.000000, 29313.000000, 3423.000000, 
0.840000, 1.000000, 1.000000, 0.660000, 0.740000, 0.630000, 0.510000, 0.270000, 
515010.000000, 37578.000000, 98182.000000, 133336.000000, 76538.000000, 99333.000000, 57412.000000, 12631.000000, 
333827.000000, 33924.000000, 77055.000000, 80900.000000, 53442.000000, 58535.000000, 27217.000000, 2754.000000, 
0.650000, 0.900000, 0.780000, 0.610000, 0.700000, 0.590000, 0.470000, 0.220000, 
13343.000000, 164.000000, 7670.000000, 5509.000000, 

221328.000000, 13636.000000, 27773.000000, 38473.000000, 43802.000000, 48776.000000, 35760.000000, 13108.000000, 
224106.000000, 44958.000000, 47145.000000, 33102.000000, 18743.000000, 41739.000000, 30373.000000, 8046.000000, 
181737.000000, 46555.000000, 44216.000000, 32618.000000, 22718.000000, 23040.000000, 11798.000000, 792.000000, 
0.810000, 1.000000, 0.940000, 0.990000, 1.000000, 0.550000, 0.390000, 0.100000, 
168075.000000, 9586.000000, 26486.000000, 33102.000000, 18743.000000, 41739.000000, 30373.000000, 8046.000000, 
74161.000000, 9155.000000, 17938.000000, 16792.000000, 11180.000000, 12012.000000, 6482.000000, 602.000000, 
0.440000, 0.960000, 0.680000, 0.510000, 0.600000, 0.290000, 0.210000, 0.070000, 
12235.000000, 878.000000, 7539.000000, 3818.000000, 

578678.000000, 34973.000000, 74459.000000, 105940.000000, 117730.000000, 125247.000000, 89110.000000, 31219.000000, 
465421.000000, 79747.000000, 128311.000000, 92450.000000, 51595.000000, 65379.000000, 37689.000000, 10250.000000, 
439837.000000, 102831.000000, 143309.000000, 68289.000000, 45184.000000, 48325.000000, 27233.000000, 4666.000000, 
0.950000, 1.000000, 1.000000, 0.740000, 0.880000, 0.740000, 0.720000, 0.460000, 
353572.000000, 24921.000000, 71288.000000, 92450.000000, 51595.000000, 65379.000000, 37689.000000, 10250.000000, 
262569.000000, 23601.000000, 58940.000000, 61239.000000, 43267.000000, 45893.000000, 25322.000000, 4307.000000, 
0.740000, 0.950000, 0.830000, 0.660000, 0.840000, 0.700000, 0.670000, 0.420000, 
74447.000000, 1531.000000, 48428.000000, 24488.000000, 

60862.000000, 3922.000000, 8514.000000, 11945.000000, 12432.000000, 12140.000000, 8583.000000, 3326.000000, 
60329.000000, 13108.000000, 13731.000000, 9713.000000, 5101.000000, 9909.000000, 6824.000000, 1943.000000, 
37782.000000, 11912.000000, 12922.000000, 5326.000000, 2197.000000, 3373.000000, 1871.000000, 181.000000, 
0.630000, 0.910000, 0.940000, 0.550000, 0.430000, 0.340000, 0.270000, 0.090000, 
44594.000000, 3121.000000, 7983.000000, 9713.000000, 5101.000000, 9909.000000, 6824.000000, 1943.000000, 
20079.000000, 2889.000000, 5584.000000, 4676.000000, 2050.000000, 3049.000000, 1665.000000, 166.000000, 
0.450000, 0.930000, 0.700000, 0.480000, 0.400000, 0.310000, 0.240000, 0.090000, 
1713.000000, 11.000000, 897.000000, 805.000000, 

