605305.000000, 41190.000000, 76817.000000, 111438.000000, 127675.000000, 134118.000000, 91194.000000, 22873.000000, 
719630.000000, 159597.000000, 135919.000000, 98681.000000, 112648.000000, 119450.000000, 80006.000000, 13329.000000, 
444482.000000, 97006.000000, 146226.000000, 65836.000000, 48592.000000, 56296.000000, 28506.000000, 2020.000000, 
0.620000, 0.610000, 1.000000, 0.670000, 0.430000, 0.470000, 0.360000, 0.150000, 
536440.000000, 38457.000000, 73869.000000, 98681.000000, 112648.000000, 119450.000000, 80006.000000, 13329.000000, 
287057.000000, 31736.000000, 60393.000000, 63118.000000, 47381.000000, 54716.000000, 27716.000000, 1997.000000, 
0.540000, 0.830000, 0.820000, 0.640000, 0.420000, 0.460000, 0.350000, 0.150000, 
43365.000000, 1290.000000, 29371.000000, 12704.000000, 

94982.000000, 5895.000000, 11861.000000, 16408.000000, 19188.000000, 20926.000000, 15324.000000, 5380.000000, 
108612.000000, 18293.000000, 24746.000000, 14040.000000, 16618.000000, 18340.000000, 13117.000000, 3458.000000, 
53870.000000, 18490.000000, 15428.000000, 7928.000000, 4060.000000, 4752.000000, 2980.000000, 232.000000, 
0.500000, 1.000000, 0.620000, 0.560000, 0.240000, 0.260000, 0.230000, 0.070000, 
83003.000000, 5646.000000, 11784.000000, 14040.000000, 16618.000000, 18340.000000, 13117.000000, 3458.000000, 
29913.000000, 5050.000000, 7252.000000, 6780.000000, 3735.000000, 4224.000000, 2651.000000, 221.000000, 
0.360000, 0.890000, 0.620000, 0.480000, 0.220000, 0.230000, 0.200000, 0.060000, 
51.000000, 0.000000, 8.000000, 43.000000, 

799122.000000, 50513.000000, 97246.000000, 140927.000000, 174102.000000, 179984.000000, 119057.000000, 37293.000000, 
755452.000000, 143213.000000, 155912.000000, 116686.000000, 72956.000000, 148866.000000, 95681.000000, 22138.000000, 
648355.000000, 190026.000000, 172424.000000, 86895.000000, 75673.000000, 82372.000000, 38767.000000, 2198.000000, 
0.860000, 1.000000, 1.000000, 0.740000, 1.000000, 0.550000, 0.410000, 0.100000, 
588690.000000, 37295.000000, 95068.000000, 116686.000000, 72956.000000, 148866.000000, 95681.000000, 22138.000000, 
357119.000000, 37295.000000, 72709.000000, 74285.000000, 66592.000000, 70958.000000, 33304.000000, 1976.000000, 
0.610000, 1.000000, 0.760000, 0.640000, 0.910000, 0.480000, 0.350000, 0.090000, 
41675.000000, 711.000000, 22665.000000, 18299.000000, 

426449.000000, 26316.000000, 54040.000000, 80310.000000, 92379.000000, 94118.000000, 63755.000000, 15531.000000, 
390394.000000, 70866.000000, 69736.000000, 70084.000000, 39684.000000, 79772.000000, 52013.000000, 8239.000000, 
249449.000000, 67756.000000, 75554.000000, 43460.000000, 22413.000000, 26760.000000, 12871.000000, 635.000000, 
0.640000, 0.960000, 1.000000, 0.620000, 0.560000, 0.340000, 0.250000, 0.080000, 
319746.000000, 19050.000000, 50904.000000, 70084.000000, 39684.000000, 79772.000000, 52013.000000, 8239.000000, 
154816.000000, 17974.000000, 34945.000000, 41163.000000, 21745.000000, 25915.000000, 12448.000000, 626.000000, 
0.480000, 0.940000, 0.690000, 0.590000, 0.550000, 0.320000, 0.240000, 0.080000, 
15244.000000, 294.000000, 8493.000000, 6457.000000, 

5539321.000000, 303561.000000, 614583.000000, 919575.000000, 1145103.000000, 1243208.000000, 944171.000000, 369120.000000, 
2428529.000000, 497414.000000, 849383.000000, 428681.000000, 204647.000000, 173327.000000, 162330.000000, 112747.000000, 
2952538.000000, 479653.000000, 876809.000000, 517741.000000, 381779.000000, 402229.000000, 243012.000000, 51315.000000, 
1.000000, 0.960000, 1.000000, 1.000000, 1.000000, 1.000000, 1.000000, 0.460000, 
1884445.000000, 226174.000000, 576539.000000, 428681.000000, 204647.000000, 173327.000000, 162330.000000, 112747.000000, 
1879573.000000, 181464.000000, 396261.000000, 415776.000000, 321697.000000, 330678.000000, 196263.000000, 37434.000000, 
1.000000, 0.800000, 0.690000, 0.970000, 1.000000, 1.000000, 1.000000, 0.330000, 
334222.000000, 2567.000000, 206777.000000, 124878.000000, 

518128.000000, 29898.000000, 62198.000000, 96325.000000, 117820.000000, 119981.000000, 72208.000000, 19698.000000, 
548264.000000, 77211.000000, 106907.000000, 84478.000000, 104054.000000, 104366.000000, 58772.000000, 12476.000000, 
350966.000000, 83331.000000, 103476.000000, 55811.000000, 41073.000000, 44986.000000, 19622.000000, 2667.000000, 
0.640000, 1.000000, 0.970000, 0.660000, 0.390000, 0.430000, 0.330000, 0.210000, 
444697.000000, 21811.000000, 58740.000000, 84478.000000, 104054.000000, 104366.000000, 58772.000000, 12476.000000, 
218122.000000, 20276.000000, 45195.000000, 50989.000000, 39075.000000, 42062.000000, 18112.000000, 2413.000000, 
0.490000, 0.930000, 0.770000, 0.600000, 0.380000, 0.400000, 0.310000, 0.190000, 
4485.000000, 14.000000, 3198.000000, 1273.000000, 

345707.000000, 17918.000000, 37288.000000, 55050.000000, 70692.000000, 80260.000000, 59482.000000, 25017.000000, 
392771.000000, 51531.000000, 82706.000000, 49613.000000, 64398.000000, 73006.000000, 53193.000000, 18324.000000, 
307566.000000, 59483.000000, 84133.000000, 42941.000000, 38719.000000, 45849.000000, 30165.000000, 6276.000000, 
0.780000, 1.000000, 1.000000, 0.870000, 0.600000, 0.630000, 0.570000, 0.340000, 
307706.000000, 13213.000000, 35959.000000, 49613.000000, 64398.000000, 73006.000000, 53193.000000, 18324.000000, 
201519.000000, 12773.000000, 32254.000000, 40243.000000, 37893.000000, 44719.000000, 28082.000000, 5555.000000, 
0.650000, 0.970000, 0.900000, 0.810000, 0.590000, 0.610000, 0.530000, 0.300000, 
1177.000000, 16.000000, 764.000000, 397.000000, 

111655.000000, 6438.000000, 13860.000000, 20295.000000, 23629.000000, 24322.000000, 16853.000000, 6258.000000, 
121175.000000, 20282.000000, 24179.000000, 17652.000000, 20510.000000, 20849.000000, 13958.000000, 3745.000000, 
97089.000000, 20282.000000, 24179.000000, 16230.000000, 13859.000000, 14305.000000, 7256.000000, 978.000000, 
0.800000, 1.000000, 1.000000, 0.920000, 0.680000, 0.690000, 0.520000, 0.260000, 
94910.000000, 4911.000000, 13285.000000, 17652.000000, 20510.000000, 20849.000000, 13958.000000, 3745.000000, 
57001.000000, 4588.000000, 10809.000000, 12369.000000, 11527.000000, 11264.000000, 5626.000000, 818.000000, 
0.600000, 0.930000, 0.810000, 0.700000, 0.560000, 0.540000, 0.400000, 0.220000, 
607.000000, 4.000000, 343.000000, 260.000000, 

96445.000000, 5675.000000, 11840.000000, 16978.000000, 18564.000000, 18989.000000, 15113.000000, 9286.000000, 
113807.000000, 19586.000000, 21401.000000, 15574.000000, 17223.000000, 17703.000000, 14052.000000, 8268.000000, 
107637.000000, 17044.000000, 29831.000000, 16712.000000, 15486.000000, 15233.000000, 9934.000000, 3397.000000, 
0.950000, 0.870000, 1.000000, 1.000000, 0.900000, 0.860000, 0.710000, 0.410000, 
88913.000000, 4588.000000, 11505.000000, 15574.000000, 17223.000000, 17703.000000, 14052.000000, 8268.000000, 
56359.000000, 4132.000000, 9653.000000, 11405.000000, 11072.000000, 10824.000000, 6970.000000, 2303.000000, 
0.630000, 0.900000, 0.840000, 0.730000, 0.640000, 0.610000, 0.500000, 0.280000, 
6321.000000, 246.000000, 3160.000000, 2915.000000, 

2287667.000000, 144143.000000, 288530.000000, 409908.000000, 482600.000000, 499934.000000, 345067.000000, 117485.000000, 
2227141.000000, 422955.000000, 497441.000000, 352117.000000, 203691.000000, 407639.000000, 271507.000000, 71791.000000, 
1879024.000000, 472919.000000, 564084.000000, 292580.000000, 222962.000000, 213680.000000, 105119.000000, 7680.000000, 
0.840000, 1.000000, 1.000000, 0.830000, 1.000000, 0.520000, 0.390000, 0.110000, 
1698619.000000, 115518.000000, 276356.000000, 352117.000000, 203691.000000, 407639.000000, 271507.000000, 71791.000000, 
971064.000000, 107469.000000, 209341.000000, 223520.000000, 171314.000000, 169087.000000, 84128.000000, 6205.000000, 
0.570000, 0.930000, 0.760000, 0.630000, 0.840000, 0.410000, 0.310000, 0.090000, 
183387.000000, 2080.000000, 117687.000000, 63620.000000, 

1225145.000000, 85971.000000, 166638.000000, 229059.000000, 262443.000000, 263657.000000, 168865.000000, 48512.000000, 
1442800.000000, 291665.000000, 341758.000000, 193572.000000, 223813.000000, 224816.000000, 139254.000000, 27922.000000, 
971310.000000, 258528.000000, 310841.000000, 147839.000000, 103415.000000, 102131.000000, 46015.000000, 2541.000000, 
0.670000, 0.890000, 0.910000, 0.760000, 0.460000, 0.450000, 0.330000, 0.090000, 
1031465.000000, 63131.000000, 158957.000000, 193572.000000, 223813.000000, 224816.000000, 139254.000000, 27922.000000, 
560213.000000, 60564.000000, 128403.000000, 131860.000000, 98036.000000, 95984.000000, 42995.000000, 2371.000000, 
0.540000, 0.960000, 0.810000, 0.680000, 0.440000, 0.430000, 0.310000, 0.080000, 
94701.000000, 4394.000000, 75982.000000, 14325.000000, 

180051.000000, 10679.000000, 21077.000000, 30527.000000, 37055.000000, 39917.000000, 28455.000000, 12341.000000, 
131746.000000, 23328.000000, 32940.000000, 24706.000000, 15271.000000, 20091.000000, 12043.000000, 3367.000000, 
132857.000000, 27900.000000, 40631.000000, 21439.000000, 14718.000000, 16520.000000, 10634.000000, 1015.000000, 
1.000000, 1.000000, 1.000000, 0.870000, 0.960000, 0.820000, 0.880000, 0.300000, 
99651.000000, 6271.000000, 17902.000000, 24706.000000, 15271.000000, 20091.000000, 12043.000000, 3367.000000, 
77791.000000, 6118.000000, 15438.000000, 18222.000000, 13161.000000, 14445.000000, 9469.000000, 938.000000, 
0.780000, 0.980000, 0.860000, 0.740000, 0.860000, 0.720000, 0.790000, 0.280000, 
9444.000000, 601.000000, 7322.000000, 1521.000000, 

198551.000000, 12125.000000, 24768.000000, 35541.000000, 43794.000000, 44744.000000, 29302.000000, 8277.000000, 
246078.000000, 65372.000000, 49276.000000, 30138.000000, 36814.000000, 37610.000000, 23785.000000, 3083.000000, 
137332.000000, 33951.000000, 41077.000000, 19403.000000, 16275.000000, 17364.000000, 8262.000000, 1000.000000, 
0.560000, 0.520000, 0.830000, 0.640000, 0.440000, 0.460000, 0.350000, 0.320000, 
167573.000000, 12106.000000, 24037.000000, 30138.000000, 36814.000000, 37610.000000, 23785.000000, 3083.000000, 
86368.000000, 10590.000000, 18181.000000, 17541.000000, 15395.000000, 16084.000000, 7644.000000, 933.000000, 
0.520000, 0.870000, 0.760000, 0.580000, 0.420000, 0.430000, 0.320000, 0.300000, 
5342.000000, 49.000000, 3616.000000, 1677.000000, 

1686896.000000, 69928.000000, 171794.000000, 292970.000000, 377835.000000, 405866.000000, 282402.000000, 86101.000000, 
1368924.000000, 208114.000000, 312950.000000, 277929.000000, 180646.000000, 229664.000000, 131858.000000, 27763.000000, 
1445522.000000, 210534.000000, 343355.000000, 286935.000000, 181120.000000, 271520.000000, 134058.000000, 18000.000000, 
1.000000, 1.000000, 1.000000, 1.000000, 1.000000, 1.000000, 1.000000, 0.650000, 
1070331.000000, 55950.000000, 166521.000000, 277929.000000, 180646.000000, 229664.000000, 131858.000000, 27763.000000, 
781141.000000, 47967.000000, 125583.000000, 177925.000000, 133031.000000, 183914.000000, 94721.000000, 18000.000000, 
0.730000, 0.860000, 0.750000, 0.640000, 0.740000, 0.800000, 0.720000, 0.650000, 
436240.000000, 53585.000000, 179490.000000, 203165.000000, 

765985.000000, 48425.000000, 94943.000000, 132005.000000, 162642.000000, 173173.000000, 116094.000000, 38703.000000, 
629494.000000, 168501.000000, 147112.000000, 106786.000000, 67266.000000, 86215.000000, 45598.000000, 8016.000000, 
651294.000000, 162946.000000, 178180.000000, 93054.000000, 76964.000000, 89911.000000, 46249.000000, 3990.000000, 
1.000000, 0.970000, 1.000000, 0.870000, 1.000000, 1.000000, 1.000000, 0.500000, 
429327.000000, 38825.000000, 76621.000000, 106786.000000, 67266.000000, 86215.000000, 45598.000000, 8016.000000, 
329999.000000, 36349.000000, 62207.000000, 68512.000000, 59028.000000, 66739.000000, 34072.000000, 3092.000000, 
0.770000, 0.940000, 0.810000, 0.640000, 0.880000, 0.770000, 0.750000, 0.390000, 
39851.000000, 910.000000, 25794.000000, 13147.000000, 

327107.000000, 21271.000000, 40755.000000, 57059.000000, 69478.000000, 70263.000000, 47974.000000, 20307.000000, 
247022.000000, 55091.000000, 60993.000000, 44463.000000, 27533.000000, 33799.000000, 18794.000000, 6349.000000, 
295545.000000, 65660.000000, 88063.000000, 47914.000000, 27217.000000, 30717.000000, 25331.000000, 10643.000000, 
1.000000, 1.000000, 1.000000, 1.000000, 0.990000, 0.910000, 1.000000, 1.000000, 
185454.000000, 16396.000000, 38120.000000, 44463.000000, 27533.000000, 33799.000000, 18794.000000, 6349.000000, 
149776.000000, 15173.000000, 31392.000000, 34571.000000, 21626.000000, 24353.000000, 16969.000000, 5692.000000, 
0.810000, 0.930000, 0.820000, 0.780000, 0.790000, 0.720000, 0.900000, 0.900000, 
27115.000000, 133.000000, 15776.000000, 11206.000000, 

280510.000000, 18527.000000, 38999.000000, 56351.000000, 60425.000000, 57832.000000, 36550.000000, 11826.000000, 
317945.000000, 54476.000000, 82734.000000, 47038.000000, 49518.000000, 47806.000000, 29345.000000, 7028.000000, 
262084.000000, 65552.000000, 70947.000000, 40777.000000, 27508.000000, 28785.000000, 20063.000000, 8452.000000, 
0.820000, 1.000000, 0.860000, 0.870000, 0.560000, 0.600000, 0.680000, 1.000000, 
232723.000000, 14887.000000, 37101.000000, 47038.000000, 49518.000000, 47806.000000, 29345.000000, 7028.000000, 
135213.000000, 13844.000000, 27532.000000, 31674.000000, 23014.000000, 22792.000000, 13063.000000, 3294.000000, 
0.580000, 0.930000, 0.740000, 0.670000, 0.460000, 0.480000, 0.450000, 0.470000, 
30558.000000, 463.000000, 18897.000000, 11198.000000, 

552163.000000, 33935.000000, 66546.000000, 95684.000000, 117265.000000, 126337.000000, 87243.000000, 25153.000000, 
506984.000000, 80003.000000, 108117.000000, 79548.000000, 49229.000000, 105958.000000, 70736.000000, 13393.000000, 
420414.000000, 83338.000000, 129143.000000, 68756.000000, 42445.000000, 62364.000000, 31089.000000, 3279.000000, 
0.830000, 1.000000, 1.000000, 0.860000, 0.860000, 0.590000, 0.440000, 0.240000, 
409465.000000, 27056.000000, 63545.000000, 79548.000000, 49229.000000, 105958.000000, 70736.000000, 13393.000000, 
233715.000000, 23719.000000, 49060.000000, 52682.000000, 33628.000000, 48477.000000, 23567.000000, 2582.000000, 
0.570000, 0.880000, 0.770000, 0.660000, 0.680000, 0.460000, 0.330000, 0.190000, 
45892.000000, 414.000000, 30692.000000, 14786.000000, 

822411.000000, 44972.000000, 90806.000000, 137939.000000, 172504.000000, 192292.000000, 136752.000000, 47146.000000, 
709393.000000, 135296.000000, 170453.000000, 129807.000000, 82827.000000, 109427.000000, 65646.000000, 15937.000000, 
666465.000000, 144624.000000, 189168.000000, 107343.000000, 66963.000000, 96854.000000, 56088.000000, 5425.000000, 
0.940000, 1.000000, 1.000000, 0.830000, 0.810000, 0.890000, 0.850000, 0.340000, 
528802.000000, 36377.000000, 88781.000000, 129807.000000, 82827.000000, 109427.000000, 65646.000000, 15937.000000, 
354825.000000, 34468.000000, 70317.000000, 78185.000000, 53840.000000, 72549.000000, 41285.000000, 4181.000000, 
0.670000, 0.950000, 0.790000, 0.600000, 0.650000, 0.660000, 0.630000, 0.260000, 
61307.000000, 403.000000, 40311.000000, 20593.000000, 

143230.000000, 7231.000000, 14876.000000, 22267.000000, 28625.000000, 32308.000000, 24480.000000, 13443.000000, 
155505.000000, 21562.000000, 26387.000000, 20019.000000, 26015.000000, 29361.000000, 21666.000000, 10495.000000, 
147770.000000, 32369.000000, 43302.000000, 19243.000000, 18254.000000, 19902.000000, 11752.000000, 2948.000000, 
0.950000, 1.000000, 1.000000, 0.960000, 0.700000, 0.680000, 0.540000, 0.280000, 
127982.000000, 5900.000000, 14526.000000, 20019.000000, 26015.000000, 29361.000000, 21666.000000, 10495.000000, 
69433.000000, 5626.000000, 12313.000000, 13363.000000, 13101.000000, 14341.000000, 8496.000000, 2193.000000, 
0.540000, 0.950000, 0.850000, 0.670000, 0.500000, 0.490000, 0.390000, 0.210000, 
2901.000000, 17.000000, 2510.000000, 374.000000, 

661444.000000, 38069.000000, 78742.000000, 116281.000000, 138258.000000, 145049.000000, 101018.000000, 44027.000000, 
741424.000000, 113024.000000, 140171.000000, 104780.000000, 126019.000000, 132145.000000, 90550.000000, 34735.000000, 
739058.000000, 158839.000000, 199709.000000, 106733.000000, 96447.000000, 98762.000000, 63001.000000, 15567.000000, 
1.000000, 1.000000, 1.000000, 1.000000, 0.770000, 0.750000, 0.700000, 0.450000, 
595306.000000, 30882.000000, 76195.000000, 104780.000000, 126019.000000, 132145.000000, 90550.000000, 34735.000000, 
381120.000000, 29047.000000, 65042.000000, 80062.000000, 74506.000000, 74780.000000, 46129.000000, 11554.000000, 
0.640000, 0.940000, 0.850000, 0.760000, 0.590000, 0.570000, 0.510000, 0.330000, 
66318.000000, 897.000000, 40645.000000, 24776.000000, 

632680.000000, 36807.000000, 73743.000000, 103465.000000, 125012.000000, 137505.000000, 107160.000000, 48988.000000, 
617235.000000, 85709.000000, 116110.000000, 83031.000000, 102040.000000, 111592.000000, 84867.000000, 33886.000000, 
823268.000000, 123499.000000, 227474.000000, 121750.000000, 114912.000000, 120801.000000, 90043.000000, 24789.000000, 
1.000000, 1.000000, 1.000000, 1.000000, 1.000000, 1.000000, 1.000000, 0.730000, 
506775.000000, 24629.000000, 66730.000000, 83031.000000, 102040.000000, 111592.000000, 84867.000000, 33886.000000, 
361234.000000, 18162.000000, 56236.000000, 68509.000000, 73619.000000, 78092.000000, 53121.000000, 13495.000000, 
0.710000, 0.740000, 0.840000, 0.830000, 0.720000, 0.700000, 0.630000, 0.400000, 
77889.000000, 2238.000000, 38840.000000, 36811.000000, 

1232741.000000, 70712.000000, 138795.000000, 196441.000000, 246479.000000, 280014.000000, 207348.000000, 92952.000000, 
1428971.000000, 244029.000000, 241928.000000, 230839.000000, 220361.000000, 250219.000000, 175079.000000, 66516.000000, 
1240018.000000, 303605.000000, 326956.000000, 173683.000000, 141227.000000, 170265.000000, 101082.000000, 23200.000000, 
0.870000, 1.000000, 1.000000, 0.750000, 0.640000, 0.680000, 0.580000, 0.350000, 
1094517.000000, 57151.000000, 134414.000000, 190777.000000, 220361.000000, 250219.000000, 175079.000000, 66516.000000, 
562419.000000, 52639.000000, 102580.000000, 112747.000000, 96648.000000, 114915.000000, 67288.000000, 15602.000000, 
0.510000, 0.920000, 0.760000, 0.590000, 0.440000, 0.460000, 0.380000, 0.230000, 
125640.000000, 2404.000000, 75750.000000, 47486.000000, 

493381.000000, 31546.000000, 62138.000000, 82671.000000, 102136.000000, 106813.000000, 73359.000000, 34718.000000, 
394079.000000, 77961.000000, 104174.000000, 68685.000000, 43727.000000, 55685.000000, 31095.000000, 12752.000000, 
350936.000000, 92259.000000, 108926.000000, 51058.000000, 34555.000000, 38691.000000, 19766.000000, 5681.000000, 
0.890000, 1.000000, 1.000000, 0.740000, 0.790000, 0.690000, 0.640000, 0.450000, 
296695.000000, 25561.000000, 59190.000000, 68685.000000, 43727.000000, 55685.000000, 31095.000000, 12752.000000, 
209580.000000, 23487.000000, 46275.000000, 46908.000000, 32843.000000, 36392.000000, 18324.000000, 5351.000000, 
0.710000, 0.920000, 0.780000, 0.680000, 0.750000, 0.650000, 0.590000, 0.420000, 
40360.000000, 1699.000000, 30289.000000, 8372.000000, 

429722.000000, 28406.000000, 55883.000000, 81559.000000, 95079.000000, 95051.000000, 59757.000000, 13987.000000, 
440969.000000, 73053.000000, 72538.000000, 71254.000000, 81368.000000, 82489.000000, 51699.000000, 8568.000000, 
272029.000000, 72564.000000, 87263.000000, 44610.000000, 24631.000000, 28770.000000, 13244.000000, 947.000000, 
0.620000, 0.990000, 1.000000, 0.630000, 0.300000, 0.350000, 0.260000, 0.110000, 
370771.000000, 22829.000000, 52564.000000, 71254.000000, 81368.000000, 82489.000000, 51699.000000, 8568.000000, 
153305.000000, 21256.000000, 36805.000000, 37375.000000, 21528.000000, 24223.000000, 11287.000000, 831.000000, 
0.410000, 0.930000, 0.700000, 0.520000, 0.260000, 0.290000, 0.220000, 0.100000, 
49895.000000, 865.000000, 25258.000000, 23772.000000, 

685367.000000, 41657.000000, 84351.000000, 119378.000000, 146519.000000, 153624.000000, 106547.000000, 33291.000000, 
539250.000000, 97737.000000, 141231.000000, 101622.000000, 63908.000000, 79972.000000, 44877.000000, 9903.000000, 
799083.000000, 184601.000000, 239281.000000, 139505.000000, 80974.000000, 88788.000000, 53560.000000, 12374.000000, 
1.000000, 1.000000, 1.000000, 1.000000, 1.000000, 1.000000, 1.000000, 1.000000, 
409698.000000, 30073.000000, 79343.000000, 101622.000000, 63908.000000, 79972.000000, 44877.000000, 9903.000000, 
304131.000000, 28708.000000, 64535.000000, 70107.000000, 48456.000000, 53941.000000, 31679.000000, 6705.000000, 
0.740000, 0.950000, 0.810000, 0.690000, 0.760000, 0.670000, 0.710000, 0.680000, 
74203.000000, 1045.000000, 42719.000000, 30439.000000, 

94945.000000, 5984.000000, 12092.000000, 17195.000000, 20889.000000, 20949.000000, 13797.000000, 4039.000000, 
104278.000000, 13951.000000, 25488.000000, 14646.000000, 18089.000000, 18086.000000, 11673.000000, 2345.000000, 
88505.000000, 22424.000000, 28045.000000, 13910.000000, 8214.000000, 10724.000000, 4824.000000, 364.000000, 
0.850000, 1.000000, 1.000000, 0.950000, 0.450000, 0.590000, 0.410000, 0.160000, 
80996.000000, 4728.000000, 11429.000000, 14646.000000, 18089.000000, 18086.000000, 11673.000000, 2345.000000, 
35873.000000, 4476.000000, 8127.000000, 8114.000000, 5002.000000, 6701.000000, 3163.000000, 290.000000, 
0.440000, 0.950000, 0.710000, 0.550000, 0.280000, 0.370000, 0.270000, 0.120000, 
1376.000000, 4.000000, 644.000000, 728.000000, 

196882.000000, 12576.000000, 25150.000000, 36631.000000, 43626.000000, 42495.000000, 27724.000000, 8680.000000, 
226472.000000, 36768.000000, 54511.000000, 31681.000000, 38170.000000, 37068.000000, 23423.000000, 4851.000000, 
160969.000000, 43513.000000, 50977.000000, 24256.000000, 12138.000000, 18460.000000, 10610.000000, 1015.000000, 
0.710000, 1.000000, 0.940000, 0.770000, 0.320000, 0.500000, 0.450000, 0.210000, 
169637.000000, 10215.000000, 24229.000000, 31681.000000, 38170.000000, 37068.000000, 23423.000000, 4851.000000, 
78044.000000, 9610.000000, 17781.000000, 18331.000000, 9595.000000, 14367.000000, 7600.000000, 760.000000, 
0.460000, 0.940000, 0.730000, 0.580000, 0.250000, 0.390000, 0.320000, 0.160000, 
14650.000000, 85.000000, 8103.000000, 6462.000000, 

267064.000000, 19265.000000, 36885.000000, 50752.000000, 57819.000000, 55601.000000, 35640.000000, 11102.000000, 
210338.000000, 44277.000000, 58380.000000, 40605.000000, 23006.000000, 26690.000000, 14025.000000, 3355.000000, 
201300.000000, 55400.000000, 62647.000000, 32074.000000, 20921.000000, 20528.000000, 8944.000000, 786.000000, 
0.960000, 1.000000, 1.000000, 0.790000, 0.910000, 0.770000, 0.640000, 0.230000, 
157031.000000, 15009.000000, 34341.000000, 40605.000000, 23006.000000, 26690.000000, 14025.000000, 3355.000000, 
103241.000000, 13058.000000, 24814.000000, 23958.000000, 17186.000000, 16415.000000, 7145.000000, 665.000000, 
0.660000, 0.870000, 0.720000, 0.590000, 0.750000, 0.620000, 0.510000, 0.200000, 
11824.000000, 133.000000, 7111.000000, 4580.000000, 

109633.000000, 5523.000000, 12075.000000, 17926.000000, 23099.000000, 26450.000000, 19494.000000, 5066.000000, 
105503.000000, 15300.000000, 20886.000000, 15683.000000, 10201.000000, 23462.000000, 17058.000000, 2913.000000, 
86323.000000, 16069.000000, 23985.000000, 11862.000000, 12112.000000, 13658.000000, 7944.000000, 693.000000, 
0.820000, 1.000000, 1.000000, 0.760000, 1.000000, 0.580000, 0.470000, 0.240000, 
84843.000000, 3920.000000, 11606.000000, 15683.000000, 10201.000000, 23462.000000, 17058.000000, 2913.000000, 
57267.000000, 3702.000000, 9523.000000, 10854.000000, 11703.000000, 13260.000000, 7576.000000, 649.000000, 
0.670000, 0.940000, 0.820000, 0.690000, 1.000000, 0.570000, 0.440000, 0.220000, 
6118.000000, 60.000000, 4890.000000, 1168.000000, 

782311.000000, 47950.000000, 94987.000000, 138093.000000, 166697.000000, 173795.000000, 119308.000000, 41481.000000, 
855164.000000, 110128.000000, 170584.000000, 125991.000000, 152432.000000, 158610.000000, 106917.000000, 30502.000000, 
773775.000000, 134557.000000, 214348.000000, 125877.000000, 107123.000000, 113108.000000, 66971.000000, 11791.000000, 
0.900000, 1.000000, 1.000000, 1.000000, 0.700000, 0.710000, 0.630000, 0.390000, 
695779.000000, 30591.000000, 90736.000000, 125991.000000, 152432.000000, 158610.000000, 106917.000000, 30502.000000, 
444285.000000, 29630.000000, 78063.000000, 93461.000000, 88386.000000, 92122.000000, 53407.000000, 9216.000000, 
0.640000, 0.970000, 0.860000, 0.740000, 0.580000, 0.580000, 0.500000, 0.300000, 
94299.000000, 1959.000000, 47499.000000, 44841.000000, 

379658.000000, 19809.000000, 41634.000000, 65232.000000, 83523.000000, 90821.000000, 62223.000000, 16416.000000, 
333806.000000, 61820.000000, 72092.000000, 53043.000000, 34052.000000, 58994.000000, 48711.000000, 5094.000000, 
273390.000000, 54619.000000, 75855.000000, 42550.000000, 34280.000000, 42353.000000, 21953.000000, 1780.000000, 
0.820000, 0.880000, 1.000000, 0.800000, 1.000000, 0.720000, 0.450000, 0.350000, 
256044.000000, 16099.000000, 40051.000000, 53043.000000, 34052.000000, 58994.000000, 48711.000000, 5094.000000, 
159079.000000, 14255.000000, 30580.000000, 34075.000000, 27732.000000, 33801.000000, 17212.000000, 1424.000000, 
0.620000, 0.890000, 0.760000, 0.640000, 0.810000, 0.570000, 0.350000, 0.280000, 
12006.000000, 236.000000, 6550.000000, 5220.000000, 

2359718.000000, 144670.000000, 290835.000000, 385848.000000, 458684.000000, 496653.000000, 378242.000000, 204786.000000, 
2478378.000000, 609490.000000, 378964.000000, 342299.000000, 205289.000000, 446494.000000, 330409.000000, 165433.000000, 
2622541.000000, 525660.000000, 680764.000000, 401575.000000, 345644.000000, 359478.000000, 231383.000000, 78037.000000, 
1.000000, 0.860000, 1.000000, 1.000000, 1.000000, 0.810000, 0.700000, 0.470000, 
1901892.000000, 133416.000000, 278552.000000, 342299.000000, 205289.000000, 446494.000000, 330409.000000, 165433.000000, 
1371704.000000, 119371.000000, 226330.000000, 262671.000000, 258892.000000, 270771.000000, 174398.000000, 59271.000000, 
0.720000, 0.890000, 0.810000, 0.770000, 1.000000, 0.610000, 0.530000, 0.360000, 
13366.000000, 273.000000, 8021.000000, 5072.000000, 

1177229.000000, 72831.000000, 150886.000000, 229397.000000, 248331.000000, 248444.000000, 166330.000000, 61010.000000, 
1180471.000000, 147205.000000, 207343.000000, 212662.000000, 214944.000000, 214974.000000, 143128.000000, 40215.000000, 
989404.000000, 261899.000000, 293990.000000, 166437.000000, 99134.000000, 106283.000000, 53944.000000, 7717.000000, 
0.840000, 1.000000, 1.000000, 0.780000, 0.460000, 0.490000, 0.380000, 0.190000, 
1032345.000000, 59360.000000, 147062.000000, 212662.000000, 214944.000000, 214974.000000, 143128.000000, 40215.000000, 
589775.000000, 56735.000000, 123724.000000, 154574.000000, 95247.000000, 101480.000000, 50757.000000, 7258.000000, 
0.570000, 0.960000, 0.840000, 0.730000, 0.440000, 0.470000, 0.350000, 0.180000, 
11609.000000, 43.000000, 8940.000000, 2626.000000, 

53560.000000, 3894.000000, 7812.000000, 10343.000000, 11303.000000, 10055.000000, 6672.000000, 3481.000000, 
56840.000000, 13454.000000, 12123.000000, 8095.000000, 8657.000000, 7726.000000, 5020.000000, 1765.000000, 
32979.000000, 10050.000000, 9602.000000, 4675.000000, 2761.000000, 3558.000000, 2006.000000, 327.000000, 
0.580000, 0.750000, 0.790000, 0.580000, 0.320000, 0.460000, 0.400000, 0.190000, 
41445.000000, 3052.000000, 7130.000000, 8095.000000, 8657.000000, 7726.000000, 5020.000000, 1765.000000, 
18721.000000, 2773.000000, 4574.000000, 3950.000000, 2455.000000, 3007.000000, 1682.000000, 280.000000, 
0.450000, 0.910000, 0.640000, 0.490000, 0.280000, 0.390000, 0.340000, 0.160000, 
1890.000000, 6.000000, 990.000000, 894.000000, 

1449772.000000, 80198.000000, 163598.000000, 242119.000000, 298514.000000, 330430.000000, 235789.000000, 99124.000000, 
1664489.000000, 265224.000000, 358864.000000, 214149.000000, 264757.000000, 291824.000000, 201623.000000, 68048.000000, 
546180.000000, 119084.000000, 162416.000000, 87778.000000, 63025.000000, 63187.000000, 42923.000000, 7767.000000, 
0.330000, 0.450000, 0.450000, 0.410000, 0.240000, 0.220000, 0.210000, 0.110000, 
1252711.000000, 58291.000000, 154019.000000, 214149.000000, 264757.000000, 291824.000000, 201623.000000, 68048.000000, 
380643.000000, 42551.000000, 91212.000000, 80624.000000, 59963.000000, 59629.000000, 39554.000000, 7110.000000, 
0.300000, 0.730000, 0.590000, 0.380000, 0.230000, 0.200000, 0.200000, 0.100000, 
101098.000000, 1134.000000, 63904.000000, 36060.000000, 

612081.000000, 38329.000000, 77039.000000, 107936.000000, 131457.000000, 137900.000000, 91534.000000, 27886.000000, 
463802.000000, 106744.000000, 94836.000000, 89911.000000, 56225.000000, 70511.000000, 37753.000000, 7822.000000, 
346790.000000, 95268.000000, 105808.000000, 51771.000000, 35480.000000, 39573.000000, 17594.000000, 1296.000000, 
0.750000, 0.890000, 1.000000, 0.580000, 0.630000, 0.560000, 0.470000, 0.170000, 
362414.000000, 27798.000000, 72394.000000, 89911.000000, 56225.000000, 70511.000000, 37753.000000, 7822.000000, 
203845.000000, 24705.000000, 47760.000000, 45346.000000, 32857.000000, 35997.000000, 15954.000000, 1226.000000, 
0.560000, 0.890000, 0.660000, 0.500000, 0.580000, 0.510000, 0.420000, 0.160000, 
6465.000000, 85.000000, 4273.000000, 2107.000000, 

388230.000000, 25614.000000, 50728.000000, 72316.000000, 80085.000000, 80939.000000, 58442.000000, 20106.000000, 
452766.000000, 71850.000000, 110727.000000, 63187.000000, 70785.000000, 71499.000000, 50503.000000, 14215.000000, 
234720.000000, 64715.000000, 77652.000000, 36454.000000, 21682.000000, 21202.000000, 11347.000000, 1668.000000, 
0.520000, 0.900000, 0.700000, 0.580000, 0.310000, 0.300000, 0.220000, 0.120000, 
336754.000000, 18423.000000, 48142.000000, 63187.000000, 70785.000000, 71499.000000, 50503.000000, 14215.000000, 
138559.000000, 17193.000000, 36349.000000, 33346.000000, 20227.000000, 19625.000000, 10278.000000, 1541.000000, 
0.410000, 0.930000, 0.760000, 0.530000, 0.290000, 0.270000, 0.200000, 0.110000, 
8770.000000, 141.000000, 5180.000000, 3449.000000, 

1263429.000000, 69513.000000, 149402.000000, 212058.000000, 253091.000000, 271983.000000, 199524.000000, 107858.000000, 
1251265.000000, 205630.000000, 256819.000000, 184866.000000, 109965.000000, 238765.000000, 171413.000000, 83807.000000, 
867903.000000, 168520.000000, 259257.000000, 126226.000000, 106668.000000, 111087.000000, 74617.000000, 21528.000000, 
0.690000, 0.820000, 1.000000, 0.680000, 0.970000, 0.470000, 0.440000, 0.260000, 
982673.000000, 52730.000000, 141127.000000, 184866.000000, 109965.000000, 238765.000000, 171413.000000, 83807.000000, 
566208.000000, 47663.000000, 107666.000000, 114082.000000, 103184.000000, 106735.000000, 68004.000000, 18874.000000, 
0.580000, 0.900000, 0.760000, 0.620000, 0.940000, 0.450000, 0.400000, 0.230000, 
89766.000000, 4525.000000, 61348.000000, 23893.000000, 

116118.000000, 6235.000000, 12654.000000, 18971.000000, 24265.000000, 27373.000000, 20313.000000, 6307.000000, 
118549.000000, 16204.000000, 21298.000000, 15817.000000, 20702.000000, 23345.000000, 17294.000000, 3889.000000, 
86320.000000, 16894.000000, 24461.000000, 11862.000000, 11441.000000, 12401.000000, 8051.000000, 1210.000000, 
0.730000, 1.000000, 1.000000, 0.750000, 0.550000, 0.530000, 0.470000, 0.310000, 
97504.000000, 4356.000000, 12101.000000, 15817.000000, 20702.000000, 23345.000000, 17294.000000, 3889.000000, 
55665.000000, 3926.000000, 9793.000000, 10460.000000, 10967.000000, 11860.000000, 7548.000000, 1111.000000, 
0.570000, 0.900000, 0.810000, 0.660000, 0.530000, 0.510000, 0.440000, 0.290000, 
11269.000000, 203.000000, 5884.000000, 5182.000000, 

695485.000000, 37834.000000, 88576.000000, 121187.000000, 147828.000000, 157117.000000, 108208.000000, 34735.000000, 
545751.000000, 113802.000000, 111126.000000, 108751.000000, 67080.000000, 84848.000000, 48928.000000, 11216.000000, 
438883.000000, 112745.000000, 138715.000000, 62481.000000, 44230.000000, 53519.000000, 25040.000000, 2153.000000, 
0.800000, 0.990000, 1.000000, 0.570000, 0.660000, 0.630000, 0.510000, 0.190000, 
434345.000000, 30592.000000, 82930.000000, 108751.000000, 67080.000000, 84848.000000, 48928.000000, 11216.000000, 
265862.000000, 28811.000000, 59902.000000, 58474.000000, 42535.000000, 50583.000000, 23501.000000, 2056.000000, 
0.610000, 0.940000, 0.720000, 0.540000, 0.630000, 0.600000, 0.480000, 0.180000, 
7763.000000, 87.000000, 5657.000000, 2019.000000, 

97746.000000, 6155.000000, 12448.000000, 17532.000000, 21501.000000, 21448.000000, 14324.000000, 4338.000000, 
106584.000000, 21401.000000, 20124.000000, 14628.000000, 18074.000000, 18093.000000, 11760.000000, 2504.000000, 
71678.000000, 14655.000000, 20481.000000, 11943.000000, 7845.000000, 9307.000000, 6091.000000, 1356.000000, 
0.670000, 0.680000, 1.000000, 0.820000, 0.430000, 0.510000, 0.520000, 0.540000, 
81690.000000, 4931.000000, 11700.000000, 14628.000000, 18074.000000, 18093.000000, 11760.000000, 2504.000000, 
44008.000000, 4378.000000, 8834.000000, 9693.000000, 6865.000000, 7918.000000, 5202.000000, 1118.000000, 
0.540000, 0.890000, 0.760000, 0.660000, 0.380000, 0.440000, 0.440000, 0.450000, 
2923.000000, 15.000000, 1750.000000, 1158.000000, 

886081.000000, 58686.000000, 101646.000000, 146896.000000, 175934.000000, 184686.000000, 128864.000000, 89369.000000, 
1030697.000000, 198255.000000, 220546.000000, 128617.000000, 154367.000000, 161742.000000, 109308.000000, 57862.000000, 
834808.000000, 156280.000000, 229742.000000, 135218.000000, 103423.000000, 115378.000000, 67045.000000, 27722.000000, 
0.810000, 0.790000, 1.000000, 1.000000, 0.670000, 0.710000, 0.610000, 0.480000, 
749167.000000, 42927.000000, 94344.000000, 128617.000000, 154367.000000, 161742.000000, 109308.000000, 57862.000000, 
438809.000000, 40584.000000, 78713.000000, 94250.000000, 77742.000000, 83701.000000, 46382.000000, 17437.000000, 
0.590000, 0.950000, 0.830000, 0.730000, 0.500000, 0.520000, 0.420000, 0.300000, 
80396.000000, 903.000000, 55333.000000, 24160.000000, 

3513132.000000, 253067.000000, 468342.000000, 662304.000000, 758563.000000, 750643.000000, 465895.000000, 154318.000000, 
4172203.000000, 941607.000000, 971179.000000, 560426.000000, 623821.000000, 614465.000000, 368912.000000, 91793.000000, 
3160866.000000, 769880.000000, 858758.000000, 503106.000000, 417367.000000, 414388.000000, 185335.000000, 12032.000000, 
0.760000, 0.820000, 0.880000, 0.900000, 0.670000, 0.670000, 0.500000, 0.130000, 
2895439.000000, 184273.000000, 451749.000000, 560426.000000, 623821.000000, 614465.000000, 368912.000000, 91793.000000, 
1869728.000000, 175999.000000, 369137.000000, 414807.000000, 371091.000000, 363926.000000, 163754.000000, 11014.000000, 
0.650000, 0.960000, 0.820000, 0.740000, 0.590000, 0.590000, 0.440000, 0.120000, 
290058.000000, 4988.000000, 199198.000000, 85872.000000, 

232195.000000, 19552.000000, 37180.000000, 49798.000000, 48316.000000, 44023.000000, 26774.000000, 6552.000000, 
255154.000000, 81255.000000, 57741.000000, 39544.000000, 18716.000000, 34583.000000, 20063.000000, 3252.000000, 
217224.000000, 70025.000000, 72172.000000, 33376.000000, 16360.000000, 16698.000000, 8181.000000, 412.000000, 
0.850000, 0.860000, 1.000000, 0.840000, 0.870000, 0.480000, 0.410000, 0.130000, 
166639.000000, 16515.000000, 33966.000000, 39544.000000, 18716.000000, 34583.000000, 20063.000000, 3252.000000, 
93894.000000, 14638.000000, 26006.000000, 23278.000000, 12150.000000, 11789.000000, 5728.000000, 305.000000, 
0.560000, 0.890000, 0.770000, 0.590000, 0.650000, 0.340000, 0.290000, 0.090000, 
12566.000000, 3088.000000, 7099.000000, 2379.000000, 

62370.000000, 3426.000000, 6666.000000, 10363.000000, 13405.000000, 15485.000000, 10345.000000, 2680.000000, 
76700.000000, 11501.000000, 15714.000000, 9883.000000, 12779.000000, 14763.000000, 9793.000000, 2267.000000, 
44478.000000, 9589.000000, 12390.000000, 6252.000000, 6090.000000, 6342.000000, 3499.000000, 316.000000, 
0.580000, 0.830000, 0.790000, 0.630000, 0.480000, 0.430000, 0.360000, 0.140000, 
58525.000000, 2490.000000, 6550.000000, 9883.000000, 12779.000000, 14763.000000, 9793.000000, 2267.000000, 
29587.000000, 2490.000000, 5350.000000, 5810.000000, 5993.000000, 6249.000000, 3393.000000, 302.000000, 
0.510000, 1.000000, 0.820000, 0.590000, 0.470000, 0.420000, 0.350000, 0.130000, 
5563.000000, 33.000000, 4491.000000, 1039.000000, 

706553.000000, 42691.000000, 87347.000000, 125901.000000, 152725.000000, 157903.000000, 105198.000000, 34788.000000, 
557685.000000, 112270.000000, 142617.000000, 105252.000000, 63860.000000, 79496.000000, 43797.000000, 10393.000000, 
464416.000000, 89011.000000, 149891.000000, 83480.000000, 50980.000000, 57446.000000, 30737.000000, 2871.000000, 
0.830000, 0.790000, 1.000000, 0.790000, 0.800000, 0.720000, 0.700000, 0.280000, 
415915.000000, 30182.000000, 82935.000000, 105252.000000, 63860.000000, 79496.000000, 43797.000000, 10393.000000, 
302272.000000, 24479.000000, 66365.000000, 76513.000000, 49084.000000, 54663.000000, 28455.000000, 2713.000000, 
0.730000, 0.810000, 0.800000, 0.730000, 0.770000, 0.690000, 0.650000, 0.260000, 
50395.000000, 529.000000, 28959.000000, 20907.000000, 

835197.000000, 45640.000000, 97331.000000, 146896.000000, 180803.000000, 191639.000000, 134119.000000, 38769.000000, 
635203.000000, 120048.000000, 128972.000000, 131154.000000, 81712.000000, 103083.000000, 58866.000000, 11368.000000, 
549581.000000, 124103.000000, 167856.000000, 86267.000000, 64470.000000, 69818.000000, 33937.000000, 3130.000000, 
0.870000, 1.000000, 1.000000, 0.660000, 0.790000, 0.680000, 0.580000, 0.280000, 
516586.000000, 36939.000000, 93464.000000, 131154.000000, 81712.000000, 103083.000000, 58866.000000, 11368.000000, 
348055.000000, 33649.000000, 73450.000000, 79898.000000, 61142.000000, 65741.000000, 31613.000000, 2562.000000, 
0.670000, 0.910000, 0.790000, 0.610000, 0.750000, 0.640000, 0.540000, 0.230000, 
14504.000000, 200.000000, 8908.000000, 5396.000000, 

220597.000000, 13656.000000, 26774.000000, 38189.000000, 44853.000000, 49302.000000, 35562.000000, 12261.000000, 
221830.000000, 42914.000000, 45830.000000, 32847.000000, 19226.000000, 42746.000000, 30565.000000, 7702.000000, 
231532.000000, 49781.000000, 50619.000000, 45649.000000, 32248.000000, 34005.000000, 18534.000000, 696.000000, 
1.000000, 1.000000, 1.000000, 1.000000, 1.000000, 0.800000, 0.610000, 0.090000, 
168435.000000, 9888.000000, 25461.000000, 32847.000000, 19226.000000, 42746.000000, 30565.000000, 7702.000000, 
90230.000000, 9685.000000, 20067.000000, 21065.000000, 14275.000000, 15846.000000, 8839.000000, 453.000000, 
0.540000, 0.980000, 0.790000, 0.640000, 0.740000, 0.370000, 0.290000, 0.060000, 
11928.000000, 844.000000, 7833.000000, 3251.000000, 

585630.000000, 34554.000000, 70535.000000, 105159.000000, 125341.000000, 130783.000000, 89823.000000, 29435.000000, 
468231.000000, 81803.000000, 122748.000000, 92889.000000, 54989.000000, 68489.000000, 38046.000000, 9267.000000, 
454719.000000, 106196.000000, 142548.000000, 69479.000000, 50212.000000, 53736.000000, 28746.000000, 3802.000000, 
0.970000, 1.000000, 1.000000, 0.750000, 0.910000, 0.780000, 0.760000, 0.410000, 
356294.000000, 25170.000000, 67444.000000, 92889.000000, 54989.000000, 68489.000000, 38046.000000, 9267.000000, 
253876.000000, 23349.000000, 54402.000000, 57248.000000, 44943.000000, 46224.000000, 24492.000000, 3218.000000, 
0.710000, 0.930000, 0.810000, 0.620000, 0.820000, 0.670000, 0.640000, 0.350000, 
53645.000000, 919.000000, 33756.000000, 18970.000000, 

59992.000000, 3763.000000, 7944.000000, 11328.000000, 12890.000000, 12449.000000, 8656.000000, 2962.000000, 
57836.000000, 12382.000000, 12641.000000, 9059.000000, 5168.000000, 10082.000000, 6823.000000, 1681.000000, 
36562.000000, 11296.000000, 12341.000000, 5163.000000, 2314.000000, 3366.000000, 1940.000000, 142.000000, 
0.630000, 0.910000, 0.980000, 0.570000, 0.450000, 0.330000, 0.280000, 0.080000, 
43247.000000, 2998.000000, 7436.000000, 9059.000000, 5168.000000, 10082.000000, 6823.000000, 1681.000000, 
19519.000000, 2763.000000, 5199.000000, 4509.000000, 2154.000000, 3026.000000, 1732.000000, 136.000000, 
0.450000, 0.920000, 0.700000, 0.500000, 0.420000, 0.300000, 0.250000, 0.080000, 
1929.000000, 18.000000, 900.000000, 1011.000000, 

