673038.000000, 43784.000000, 80683.000000, 112998.000000, 144754.000000, 154703.000000, 109483.000000, 26633.000000, 
768210.000000, 164976.000000, 137948.000000, 98329.000000, 125743.000000, 132970.000000, 92780.000000, 15464.000000, 
461159.000000, 100421.000000, 145915.000000, 64568.000000, 53085.000000, 62481.000000, 32577.000000, 2112.000000, 
0.600000, 0.610000, 1.000000, 0.660000, 0.420000, 0.470000, 0.350000, 0.140000, 
582162.000000, 40238.000000, 76638.000000, 98329.000000, 125743.000000, 132970.000000, 92780.000000, 15464.000000, 
301579.000000, 32299.000000, 60838.000000, 61984.000000, 51847.000000, 60778.000000, 31750.000000, 2083.000000, 
0.520000, 0.800000, 0.790000, 0.630000, 0.410000, 0.460000, 0.340000, 0.130000, 
41328.000000, 1355.000000, 28616.000000, 11357.000000, 

95533.000000, 5845.000000, 11720.000000, 16118.000000, 19791.000000, 21066.000000, 15635.000000, 5358.000000, 
106070.000000, 17085.000000, 23837.000000, 13519.000000, 16854.000000, 18164.000000, 13182.000000, 3429.000000, 
58431.000000, 17675.000000, 16277.000000, 8636.000000, 4810.000000, 6413.000000, 4282.000000, 338.000000, 
0.550000, 1.000000, 0.680000, 0.640000, 0.290000, 0.350000, 0.320000, 0.100000, 
80903.000000, 4668.000000, 11087.000000, 13519.000000, 16854.000000, 18164.000000, 13182.000000, 3429.000000, 
33307.000000, 4310.000000, 7526.000000, 7353.000000, 4376.000000, 5647.000000, 3791.000000, 304.000000, 
0.410000, 0.920000, 0.680000, 0.540000, 0.260000, 0.310000, 0.290000, 0.090000, 
82.000000, 1.000000, 11.000000, 70.000000, 

797174.000000, 50748.000000, 98598.000000, 136292.000000, 178285.000000, 184165.000000, 123020.000000, 26066.000000, 
853356.000000, 167189.000000, 158178.000000, 112926.000000, 147801.000000, 154134.000000, 98996.000000, 14132.000000, 
611555.000000, 158331.000000, 167318.000000, 82001.000000, 77540.000000, 83880.000000, 40237.000000, 2248.000000, 
0.720000, 0.950000, 1.000000, 0.730000, 0.520000, 0.540000, 0.410000, 0.160000, 
661758.000000, 37319.000000, 96450.000000, 112926.000000, 147801.000000, 154134.000000, 98996.000000, 14132.000000, 
355816.000000, 36486.000000, 71362.000000, 70471.000000, 68320.000000, 72587.000000, 34582.000000, 2008.000000, 
0.540000, 0.980000, 0.740000, 0.620000, 0.460000, 0.470000, 0.350000, 0.140000, 
37736.000000, 547.000000, 20941.000000, 16248.000000, 

431020.000000, 25304.000000, 53193.000000, 76807.000000, 95504.000000, 97020.000000, 66662.000000, 16530.000000, 
411393.000000, 71000.000000, 69451.000000, 70748.000000, 43651.000000, 87725.000000, 59161.000000, 9657.000000, 
254520.000000, 64329.000000, 73362.000000, 42058.000000, 25886.000000, 32226.000000, 15984.000000, 675.000000, 
0.620000, 0.910000, 1.000000, 0.590000, 0.590000, 0.370000, 0.270000, 0.070000, 
340052.000000, 18783.000000, 50327.000000, 70748.000000, 43651.000000, 87725.000000, 59161.000000, 9657.000000, 
164716.000000, 17304.000000, 34900.000000, 39962.000000, 25210.000000, 31219.000000, 15453.000000, 668.000000, 
0.480000, 0.920000, 0.690000, 0.560000, 0.580000, 0.360000, 0.260000, 0.070000, 
15788.000000, 353.000000, 8897.000000, 6538.000000, 

5914613.000000, 310641.000000, 622445.000000, 919783.000000, 1235146.000000, 1350856.000000, 1028790.000000, 446952.000000, 
5123146.000000, 694523.000000, 891293.000000, 664112.000000, 901042.000000, 976043.000000, 712962.000000, 283171.000000, 
3856521.000000, 456633.000000, 1006672.000000, 673360.000000, 596788.000000, 631634.000000, 397342.000000, 94092.000000, 
0.750000, 0.660000, 1.000000, 1.000000, 0.660000, 0.650000, 0.560000, 0.330000, 
4353469.000000, 230240.000000, 585899.000000, 664112.000000, 901042.000000, 976043.000000, 712962.000000, 283171.000000, 
2247002.000000, 174152.000000, 416329.000000, 464020.000000, 421394.000000, 444280.000000, 269716.000000, 57111.000000, 
0.520000, 0.760000, 0.710000, 0.700000, 0.470000, 0.460000, 0.380000, 0.200000, 
305006.000000, 2266.000000, 193835.000000, 108905.000000, 

584277.000000, 32675.000000, 64085.000000, 97928.000000, 129175.000000, 135752.000000, 86589.000000, 38073.000000, 
617416.000000, 83617.000000, 108514.000000, 87178.000000, 116372.000000, 120848.000000, 74572.000000, 26315.000000, 
392139.000000, 92417.000000, 106558.000000, 58963.000000, 49162.000000, 55314.000000, 25384.000000, 4341.000000, 
0.640000, 1.000000, 0.980000, 0.680000, 0.420000, 0.460000, 0.340000, 0.160000, 
510276.000000, 24028.000000, 60963.000000, 87178.000000, 116372.000000, 120848.000000, 74572.000000, 26315.000000, 
249608.000000, 22191.000000, 46918.000000, 53860.000000, 46993.000000, 51950.000000, 23642.000000, 4054.000000, 
0.490000, 0.920000, 0.770000, 0.620000, 0.400000, 0.430000, 0.320000, 0.150000, 
5911.000000, 182.000000, 4053.000000, 1676.000000, 

364343.000000, 18233.000000, 37876.000000, 55973.000000, 75139.000000, 84549.000000, 64218.000000, 28355.000000, 
411833.000000, 52202.000000, 85019.000000, 50668.000000, 68853.000000, 76601.000000, 57118.000000, 21372.000000, 
327411.000000, 61273.000000, 86146.000000, 44494.000000, 43497.000000, 50370.000000, 33779.000000, 7852.000000, 
0.800000, 1.000000, 1.000000, 0.880000, 0.630000, 0.660000, 0.590000, 0.370000, 
324486.000000, 13385.000000, 36489.000000, 50668.000000, 68853.000000, 76601.000000, 57118.000000, 21372.000000, 
216347.000000, 12856.000000, 32505.000000, 41245.000000, 42369.000000, 48896.000000, 31515.000000, 6961.000000, 
0.670000, 0.960000, 0.890000, 0.810000, 0.620000, 0.640000, 0.550000, 0.330000, 
42933.000000, 470.000000, 25956.000000, 16507.000000, 

118454.000000, 6489.000000, 13406.000000, 19774.000000, 25220.000000, 26275.000000, 18150.000000, 9140.000000, 
126474.000000, 21076.000000, 22925.000000, 16849.000000, 21518.000000, 22420.000000, 14989.000000, 6697.000000, 
90774.000000, 20007.000000, 22925.000000, 13083.000000, 13047.000000, 13041.000000, 6926.000000, 1745.000000, 
0.720000, 0.950000, 1.000000, 0.780000, 0.610000, 0.580000, 0.460000, 0.260000, 
100370.000000, 5018.000000, 12879.000000, 16849.000000, 21518.000000, 22420.000000, 14989.000000, 6697.000000, 
57417.000000, 4607.000000, 10218.000000, 11582.000000, 11837.000000, 11715.000000, 5976.000000, 1482.000000, 
0.570000, 0.920000, 0.790000, 0.690000, 0.550000, 0.520000, 0.400000, 0.220000, 
447.000000, 2.000000, 244.000000, 201.000000, 

98350.000000, 5446.000000, 11471.000000, 16789.000000, 19843.000000, 19776.000000, 15812.000000, 9213.000000, 
116090.000000, 19142.000000, 21049.000000, 15666.000000, 18586.000000, 18503.000000, 14763.000000, 8381.000000, 
111983.000000, 19996.000000, 27244.000000, 16797.000000, 16541.000000, 15947.000000, 11321.000000, 4137.000000, 
0.960000, 1.000000, 1.000000, 1.000000, 0.890000, 0.860000, 0.770000, 0.490000, 
91461.000000, 4483.000000, 11079.000000, 15666.000000, 18586.000000, 18503.000000, 14763.000000, 8381.000000, 
57273.000000, 4021.000000, 9169.000000, 11165.000000, 11756.000000, 11056.000000, 7520.000000, 2586.000000, 
0.630000, 0.900000, 0.830000, 0.710000, 0.630000, 0.600000, 0.510000, 0.310000, 
9452.000000, 280.000000, 6239.000000, 2933.000000, 

2418840.000000, 148565.000000, 291286.000000, 406114.000000, 520968.000000, 543440.000000, 378445.000000, 130022.000000, 
2360061.000000, 437464.000000, 508141.000000, 352721.000000, 221900.000000, 453813.000000, 305630.000000, 80392.000000, 
2251862.000000, 611039.000000, 622858.000000, 333374.000000, 285222.000000, 258258.000000, 129653.000000, 11458.000000, 
0.950000, 1.000000, 1.000000, 0.950000, 1.000000, 0.570000, 0.420000, 0.140000, 
1813202.000000, 119488.000000, 279258.000000, 352721.000000, 221900.000000, 453813.000000, 305630.000000, 80392.000000, 
964266.000000, 110261.000000, 199840.000000, 207615.000000, 184208.000000, 169066.000000, 86213.000000, 7063.000000, 
0.530000, 0.920000, 0.720000, 0.590000, 0.830000, 0.370000, 0.280000, 0.090000, 
221734.000000, 2285.000000, 151071.000000, 68378.000000, 

1292643.000000, 87803.000000, 167025.000000, 227256.000000, 286608.000000, 288835.000000, 186841.000000, 48275.000000, 
1530185.000000, 292526.000000, 350833.000000, 197163.000000, 250601.000000, 252221.000000, 158471.000000, 28370.000000, 
1028424.000000, 260551.000000, 309506.000000, 152441.000000, 121592.000000, 125503.000000, 55946.000000, 2885.000000, 
0.670000, 0.890000, 0.880000, 0.770000, 0.490000, 0.500000, 0.350000, 0.100000, 
1110588.000000, 64291.000000, 159471.000000, 197163.000000, 250601.000000, 252221.000000, 158471.000000, 28370.000000, 
611032.000000, 61222.000000, 127562.000000, 134812.000000, 114871.000000, 117670.000000, 52209.000000, 2686.000000, 
0.550000, 0.950000, 0.800000, 0.680000, 0.460000, 0.470000, 0.330000, 0.090000, 
97890.000000, 3860.000000, 81206.000000, 12824.000000, 

168473.000000, 9712.000000, 20095.000000, 28280.000000, 34438.000000, 37744.000000, 26750.000000, 11454.000000, 
125769.000000, 23468.000000, 31258.000000, 22504.000000, 14351.000000, 18687.000000, 11309.000000, 4192.000000, 
131939.000000, 27929.000000, 41037.000000, 19883.000000, 14799.000000, 16192.000000, 10750.000000, 1349.000000, 
1.000000, 1.000000, 1.000000, 0.880000, 1.000000, 0.870000, 0.950000, 0.320000, 
105184.000000, 6733.000000, 18803.000000, 25156.000000, 16277.000000, 21020.000000, 12573.000000, 4622.000000, 
81559.000000, 6508.000000, 16168.000000, 18390.000000, 14070.000000, 15227.000000, 9963.000000, 1233.000000, 
0.780000, 0.970000, 0.860000, 0.730000, 0.860000, 0.720000, 0.790000, 0.270000, 
13936.000000, 1231.000000, 8570.000000, 4135.000000, 

208971.000000, 12694.000000, 25533.000000, 35893.000000, 46500.000000, 47825.000000, 31992.000000, 8534.000000, 
236318.000000, 34936.000000, 55311.000000, 31033.000000, 40789.000000, 41830.000000, 27472.000000, 4947.000000, 
145455.000000, 39387.000000, 42697.000000, 19568.000000, 16671.000000, 17894.000000, 8372.000000, 866.000000, 
0.620000, 1.000000, 0.770000, 0.630000, 0.410000, 0.430000, 0.300000, 0.180000, 
179428.000000, 9098.000000, 24259.000000, 31033.000000, 40789.000000, 41830.000000, 27472.000000, 4947.000000, 
86082.000000, 8697.000000, 18620.000000, 17675.000000, 15882.000000, 16670.000000, 7741.000000, 797.000000, 
0.480000, 0.960000, 0.770000, 0.570000, 0.390000, 0.400000, 0.280000, 0.160000, 
5439.000000, 51.000000, 3766.000000, 1622.000000, 

1674793.000000, 71817.000000, 171689.000000, 272254.000000, 370533.000000, 401659.000000, 280179.000000, 106662.000000, 
1331070.000000, 219286.000000, 313810.000000, 248070.000000, 168805.000000, 217686.000000, 127061.000000, 36352.000000, 
1564705.000000, 273537.000000, 361176.000000, 286467.000000, 193965.000000, 290475.000000, 137668.000000, 21417.000000, 
1.000000, 1.000000, 1.000000, 1.000000, 1.000000, 1.000000, 1.000000, 0.590000, 
1035178.000000, 70284.000000, 166920.000000, 248070.000000, 168805.000000, 217686.000000, 127061.000000, 36352.000000, 
799153.000000, 59167.000000, 128793.000000, 171393.000000, 137209.000000, 186152.000000, 95022.000000, 21417.000000, 
0.770000, 0.840000, 0.770000, 0.690000, 0.810000, 0.860000, 0.750000, 0.590000, 
403346.000000, 12174.000000, 195798.000000, 195374.000000, 

795453.000000, 48561.000000, 96112.000000, 131858.000000, 171561.000000, 183054.000000, 124432.000000, 39875.000000, 
936758.000000, 161671.000000, 210946.000000, 115390.000000, 152386.000000, 162538.000000, 107073.000000, 26754.000000, 
664910.000000, 151663.000000, 187998.000000, 94084.000000, 78258.000000, 94237.000000, 52552.000000, 6118.000000, 
0.710000, 0.940000, 0.890000, 0.820000, 0.510000, 0.580000, 0.490000, 0.230000, 
692193.000000, 35532.000000, 92520.000000, 115390.000000, 152386.000000, 162538.000000, 107073.000000, 26754.000000, 
377801.000000, 33496.000000, 73197.000000, 76179.000000, 68268.000000, 78260.000000, 43091.000000, 5310.000000, 
0.550000, 0.940000, 0.790000, 0.660000, 0.450000, 0.480000, 0.400000, 0.200000, 
40539.000000, 896.000000, 27335.000000, 12308.000000, 

337082.000000, 21796.000000, 41500.000000, 55398.000000, 72594.000000, 72935.000000, 50817.000000, 22042.000000, 
253666.000000, 57853.000000, 62267.000000, 43360.000000, 28810.000000, 35083.000000, 19874.000000, 6419.000000, 
239439.000000, 64369.000000, 75954.000000, 34545.000000, 21270.000000, 23763.000000, 15091.000000, 4447.000000, 
0.940000, 1.000000, 1.000000, 0.800000, 0.740000, 0.680000, 0.760000, 0.690000, 
189379.000000, 16916.000000, 38917.000000, 43360.000000, 28810.000000, 35083.000000, 19874.000000, 6419.000000, 
132072.000000, 15278.000000, 29957.000000, 30031.000000, 19447.000000, 21673.000000, 12831.000000, 2855.000000, 
0.700000, 0.900000, 0.770000, 0.690000, 0.680000, 0.620000, 0.650000, 0.440000, 
27760.000000, 94.000000, 16893.000000, 10773.000000, 

278905.000000, 18821.000000, 37624.000000, 53278.000000, 61290.000000, 58913.000000, 37710.000000, 11269.000000, 
334149.000000, 57987.000000, 84586.000000, 47362.000000, 54041.000000, 50840.000000, 32006.000000, 7327.000000, 
272679.000000, 69604.000000, 74289.000000, 41161.000000, 29527.000000, 30132.000000, 20026.000000, 7940.000000, 
0.820000, 1.000000, 0.880000, 0.870000, 0.550000, 0.590000, 0.630000, 1.000000, 
242977.000000, 15098.000000, 36303.000000, 47362.000000, 54041.000000, 50840.000000, 32006.000000, 7327.000000, 
139985.000000, 14148.000000, 28048.000000, 32195.000000, 24717.000000, 24058.000000, 13611.000000, 3208.000000, 
0.580000, 0.940000, 0.770000, 0.680000, 0.460000, 0.470000, 0.430000, 0.440000, 
26504.000000, 292.000000, 18083.000000, 8129.000000, 

576542.000000, 34532.000000, 68161.000000, 95682.000000, 124699.000000, 133782.000000, 94851.000000, 24835.000000, 
506396.000000, 74198.000000, 106138.000000, 77788.000000, 50146.000000, 110251.000000, 74736.000000, 13139.000000, 
422300.000000, 85872.000000, 124726.000000, 67883.000000, 43746.000000, 64782.000000, 31853.000000, 3438.000000, 
0.830000, 1.000000, 1.000000, 0.870000, 0.870000, 0.590000, 0.430000, 0.260000, 
415977.000000, 25199.000000, 64718.000000, 77788.000000, 50146.000000, 110251.000000, 74736.000000, 13139.000000, 
238222.000000, 22688.000000, 48788.000000, 52642.000000, 35517.000000, 51065.000000, 24771.000000, 2751.000000, 
0.570000, 0.900000, 0.750000, 0.680000, 0.710000, 0.460000, 0.330000, 0.210000, 
34600.000000, 474.000000, 23210.000000, 10916.000000, 

820699.000000, 45292.000000, 89746.000000, 132506.000000, 175920.000000, 193347.000000, 138698.000000, 45190.000000, 
716244.000000, 139470.000000, 170691.000000, 126280.000000, 84612.000000, 112153.000000, 66769.000000, 16269.000000, 
725727.000000, 150037.000000, 189240.000000, 108447.000000, 86363.000000, 115834.000000, 69010.000000, 6796.000000, 
1.000000, 1.000000, 1.000000, 0.860000, 1.000000, 1.000000, 1.000000, 0.420000, 
530971.000000, 36902.000000, 87986.000000, 126280.000000, 84612.000000, 112153.000000, 66769.000000, 16269.000000, 
394768.000000, 34896.000000, 70877.000000, 79522.000000, 68734.000000, 85380.000000, 50112.000000, 5247.000000, 
0.740000, 0.950000, 0.810000, 0.630000, 0.810000, 0.760000, 0.750000, 0.320000, 
64109.000000, 314.000000, 42507.000000, 21288.000000, 

150208.000000, 14376.000000, 14606.000000, 22007.000000, 29578.000000, 33356.000000, 25151.000000, 11134.000000, 
150757.000000, 61301.000000, 32696.000000, 19927.000000, 20450.000000, 6189.000000, 5628.000000, 4566.000000, 
173845.000000, 57937.000000, 41751.000000, 19037.000000, 18939.000000, 21084.000000, 12496.000000, 2601.000000, 
1.000000, 0.950000, 1.000000, 0.960000, 0.930000, 1.000000, 1.000000, 0.570000, 
83926.000000, 12940.000000, 14226.000000, 19927.000000, 20450.000000, 6189.000000, 5628.000000, 4566.000000, 
78217.000000, 12029.000000, 12276.000000, 13523.000000, 13903.000000, 15462.000000, 9076.000000, 1948.000000, 
0.930000, 0.930000, 0.860000, 0.680000, 0.680000, 1.000000, 1.000000, 0.430000, 
4551.000000, 1508.000000, 2666.000000, 377.000000, 

693925.000000, 38766.000000, 79717.000000, 116558.000000, 148971.000000, 153582.000000, 108335.000000, 47996.000000, 
783746.000000, 114831.000000, 145539.000000, 106773.000000, 137879.000000, 142068.000000, 97809.000000, 38847.000000, 
752084.000000, 138594.000000, 199442.000000, 109829.000000, 105192.000000, 112193.000000, 68698.000000, 18136.000000, 
0.960000, 1.000000, 1.000000, 1.000000, 0.760000, 0.790000, 0.700000, 0.470000, 
632171.000000, 31375.000000, 77420.000000, 106773.000000, 137879.000000, 142068.000000, 97809.000000, 38847.000000, 
410601.000000, 28844.000000, 66041.000000, 82418.000000, 82450.000000, 86147.000000, 51225.000000, 13476.000000, 
0.650000, 0.920000, 0.850000, 0.770000, 0.600000, 0.610000, 0.520000, 0.350000, 
68966.000000, 1398.000000, 43525.000000, 24043.000000, 

664085.000000, 37765.000000, 73515.000000, 103081.000000, 132907.000000, 144606.000000, 112646.000000, 59565.000000, 
693878.000000, 106221.000000, 122400.000000, 87175.000000, 113709.000000, 124032.000000, 94391.000000, 45950.000000, 
844278.000000, 129914.000000, 212171.000000, 122059.000000, 122188.000000, 127201.000000, 95055.000000, 35690.000000, 
1.000000, 1.000000, 1.000000, 1.000000, 1.000000, 1.000000, 1.000000, 0.780000, 
562279.000000, 29022.000000, 68000.000000, 87175.000000, 113709.000000, 124032.000000, 94391.000000, 45950.000000, 
394905.000000, 20924.000000, 57024.000000, 71184.000000, 81549.000000, 85839.000000, 58467.000000, 19918.000000, 
0.700000, 0.720000, 0.840000, 0.820000, 0.720000, 0.690000, 0.620000, 0.430000, 
85209.000000, 4119.000000, 42049.000000, 39041.000000, 

1234457.000000, 71009.000000, 138715.000000, 194158.000000, 250962.000000, 283389.000000, 211471.000000, 84753.000000, 
1425860.000000, 244030.000000, 240651.000000, 227215.000000, 224376.000000, 250478.000000, 183006.000000, 56104.000000, 
1007678.000000, 241809.000000, 271901.000000, 141235.000000, 115251.000000, 136092.000000, 83899.000000, 17491.000000, 
0.710000, 0.990000, 1.000000, 0.620000, 0.510000, 0.540000, 0.460000, 0.310000, 
1089820.000000, 57350.000000, 132254.000000, 186252.000000, 224376.000000, 250478.000000, 183006.000000, 56104.000000, 
560164.000000, 52782.000000, 101972.000000, 111211.000000, 97271.000000, 113355.000000, 69208.000000, 14365.000000, 
0.510000, 0.920000, 0.770000, 0.600000, 0.430000, 0.450000, 0.380000, 0.260000, 
120163.000000, 2480.000000, 74526.000000, 43157.000000, 

534218.000000, 32323.000000, 65352.000000, 86563.000000, 112864.000000, 118720.000000, 81759.000000, 36637.000000, 
423809.000000, 78739.000000, 111134.000000, 73022.000000, 49534.000000, 62477.000000, 35022.000000, 13881.000000, 
382320.000000, 96786.000000, 115025.000000, 55193.000000, 39494.000000, 46293.000000, 23451.000000, 6078.000000, 
0.900000, 1.000000, 1.000000, 0.760000, 0.800000, 0.740000, 0.670000, 0.440000, 
321813.000000, 26089.000000, 61788.000000, 73022.000000, 49534.000000, 62477.000000, 35022.000000, 13881.000000, 
232414.000000, 24037.000000, 48611.000000, 50847.000000, 37699.000000, 43574.000000, 21945.000000, 5701.000000, 
0.720000, 0.920000, 0.790000, 0.700000, 0.760000, 0.700000, 0.630000, 0.410000, 
41326.000000, 1683.000000, 31881.000000, 7762.000000, 

425105.000000, 28342.000000, 54465.000000, 77189.000000, 96997.000000, 93229.000000, 60963.000000, 13920.000000, 
460113.000000, 73661.000000, 75682.000000, 71082.000000, 89180.000000, 85740.000000, 56074.000000, 8694.000000, 
290982.000000, 79254.000000, 89531.000000, 46000.000000, 28241.000000, 31048.000000, 15705.000000, 1203.000000, 
0.630000, 1.000000, 1.000000, 0.650000, 0.320000, 0.360000, 0.280000, 0.140000, 
385626.000000, 23019.000000, 51837.000000, 71082.000000, 89180.000000, 85740.000000, 56074.000000, 8694.000000, 
164573.000000, 21968.000000, 37309.000000, 38922.000000, 25086.000000, 26825.000000, 13387.000000, 1076.000000, 
0.430000, 0.950000, 0.720000, 0.550000, 0.280000, 0.310000, 0.240000, 0.120000, 
49429.000000, 938.000000, 25970.000000, 22521.000000, 

661670.000000, 40289.000000, 80865.000000, 111272.000000, 145236.000000, 150695.000000, 104070.000000, 29243.000000, 
523638.000000, 95336.000000, 137066.000000, 95469.000000, 63938.000000, 79160.000000, 44401.000000, 8268.000000, 
664388.000000, 144449.000000, 206719.000000, 108342.000000, 70868.000000, 76700.000000, 47677.000000, 9633.000000, 
1.000000, 1.000000, 1.000000, 1.000000, 1.000000, 0.970000, 1.000000, 1.000000, 
395881.000000, 29334.000000, 75311.000000, 95469.000000, 63938.000000, 79160.000000, 44401.000000, 8268.000000, 
278040.000000, 26110.000000, 59894.000000, 60651.000000, 45883.000000, 50431.000000, 29870.000000, 5201.000000, 
0.700000, 0.890000, 0.800000, 0.640000, 0.720000, 0.640000, 0.670000, 0.630000, 
55095.000000, 653.000000, 32335.000000, 22107.000000, 

107406.000000, 6409.000000, 12985.000000, 18644.000000, 24005.000000, 24440.000000, 16242.000000, 4681.000000, 
116316.000000, 17997.000000, 26625.000000, 15425.000000, 20133.000000, 20374.000000, 13080.000000, 2682.000000, 
81095.000000, 22261.000000, 26077.000000, 12430.000000, 6973.000000, 8856.000000, 4141.000000, 357.000000, 
0.700000, 1.000000, 0.980000, 0.810000, 0.350000, 0.430000, 0.320000, 0.130000, 
88991.000000, 5084.000000, 12213.000000, 15425.000000, 20133.000000, 20374.000000, 13080.000000, 2682.000000, 
36985.000000, 4862.000000, 8725.000000, 8516.000000, 5081.000000, 6448.000000, 3058.000000, 295.000000, 
0.420000, 0.960000, 0.710000, 0.550000, 0.250000, 0.320000, 0.230000, 0.110000, 
1574.000000, 6.000000, 836.000000, 732.000000, 

198176.000000, 12949.000000, 25088.000000, 35174.000000, 44406.000000, 44189.000000, 28280.000000, 8090.000000, 
223330.000000, 37890.000000, 52349.000000, 29325.000000, 37940.000000, 37846.000000, 23510.000000, 4470.000000, 
115724.000000, 37189.000000, 35425.000000, 15855.000000, 8163.000000, 12232.000000, 6273.000000, 587.000000, 
0.520000, 0.980000, 0.680000, 0.540000, 0.220000, 0.320000, 0.270000, 0.130000, 
167646.000000, 10532.000000, 24023.000000, 29325.000000, 37940.000000, 37846.000000, 23510.000000, 4470.000000, 
58865.000000, 9390.000000, 14873.000000, 12285.000000, 6850.000000, 9965.000000, 5014.000000, 488.000000, 
0.350000, 0.890000, 0.620000, 0.420000, 0.180000, 0.260000, 0.210000, 0.110000, 
13713.000000, 94.000000, 7919.000000, 5700.000000, 

311955.000000, 21176.000000, 40087.000000, 55160.000000, 68038.000000, 66342.000000, 43136.000000, 18016.000000, 
246937.000000, 47435.000000, 68179.000000, 46259.000000, 28501.000000, 32791.000000, 17504.000000, 6268.000000, 
227279.000000, 59048.000000, 65898.000000, 35400.000000, 26683.000000, 26523.000000, 12232.000000, 1495.000000, 
0.920000, 1.000000, 0.970000, 0.770000, 0.940000, 0.810000, 0.700000, 0.240000, 
185983.000000, 16357.000000, 38303.000000, 46259.000000, 28501.000000, 32791.000000, 17504.000000, 6268.000000, 
125481.000000, 14993.000000, 27249.000000, 27477.000000, 22522.000000, 21808.000000, 10123.000000, 1309.000000, 
0.670000, 0.920000, 0.710000, 0.590000, 0.790000, 0.670000, 0.580000, 0.210000, 
10146.000000, 103.000000, 6411.000000, 3632.000000, 

115582.000000, 5735.000000, 12362.000000, 18467.000000, 24801.000000, 28009.000000, 20807.000000, 5401.000000, 
93569.000000, 9371.000000, 19137.000000, 14585.000000, 9982.000000, 22550.000000, 16061.000000, 1883.000000, 
77453.000000, 13766.000000, 21218.000000, 10694.000000, 11086.000000, 12355.000000, 7522.000000, 812.000000, 
0.830000, 1.000000, 1.000000, 0.730000, 1.000000, 0.550000, 0.470000, 0.430000, 
80734.000000, 4004.000000, 11669.000000, 14585.000000, 9982.000000, 22550.000000, 16061.000000, 1883.000000, 
53364.000000, 3450.000000, 9064.000000, 9859.000000, 10885.000000, 12087.000000, 7266.000000, 753.000000, 
0.660000, 0.860000, 0.780000, 0.680000, 1.000000, 0.540000, 0.450000, 0.400000, 
5037.000000, 43.000000, 3976.000000, 1018.000000, 

811477.000000, 52496.000000, 94866.000000, 135236.000000, 172436.000000, 180725.000000, 124783.000000, 50935.000000, 
868734.000000, 109973.000000, 169875.000000, 122650.000000, 156260.000000, 163024.000000, 110395.000000, 36557.000000, 
720301.000000, 96997.000000, 205247.000000, 116841.000000, 106766.000000, 112492.000000, 67424.000000, 14534.000000, 
0.830000, 0.880000, 1.000000, 0.950000, 0.680000, 0.690000, 0.610000, 0.400000, 
709793.000000, 30548.000000, 90359.000000, 122650.000000, 156260.000000, 163024.000000, 110395.000000, 36557.000000, 
436909.000000, 27466.000000, 75890.000000, 88056.000000, 88151.000000, 91877.000000, 54234.000000, 11235.000000, 
0.620000, 0.900000, 0.840000, 0.720000, 0.560000, 0.560000, 0.490000, 0.310000, 
89494.000000, 1836.000000, 45456.000000, 42202.000000, 

393190.000000, 19831.000000, 41651.000000, 63024.000000, 85756.000000, 93171.000000, 64967.000000, 24790.000000, 
322195.000000, 69206.000000, 60284.000000, 46492.000000, 31621.000000, 56117.000000, 46445.000000, 12030.000000, 
262672.000000, 49332.000000, 73267.000000, 38623.000000, 34624.000000, 42074.000000, 22283.000000, 2469.000000, 
0.820000, 0.710000, 1.000000, 0.830000, 1.000000, 0.750000, 0.480000, 0.210000, 
248914.000000, 16020.000000, 40189.000000, 46492.000000, 31621.000000, 56117.000000, 46445.000000, 12030.000000, 
155768.000000, 13348.000000, 29521.000000, 31235.000000, 28276.000000, 33798.000000, 17564.000000, 2026.000000, 
0.630000, 0.830000, 0.730000, 0.670000, 0.890000, 0.600000, 0.380000, 0.170000, 
11256.000000, 193.000000, 6693.000000, 4370.000000, 

2489872.000000, 148882.000000, 300504.000000, 392996.000000, 489781.000000, 530559.000000, 404372.000000, 222778.000000, 
2542723.000000, 605600.000000, 382256.000000, 343708.000000, 219167.000000, 469441.000000, 347330.000000, 175221.000000, 
2663139.000000, 511102.000000, 678893.000000, 396754.000000, 362143.000000, 381365.000000, 247309.000000, 85573.000000, 
1.000000, 0.840000, 1.000000, 1.000000, 1.000000, 0.810000, 0.710000, 0.490000, 
1976044.000000, 135600.000000, 285577.000000, 343708.000000, 219167.000000, 469441.000000, 347330.000000, 175221.000000, 
1432868.000000, 118315.000000, 228108.000000, 264310.000000, 277343.000000, 291288.000000, 188221.000000, 65283.000000, 
0.730000, 0.870000, 0.800000, 0.770000, 1.000000, 0.620000, 0.540000, 0.370000, 
12485.000000, 247.000000, 7448.000000, 4790.000000, 

1269945.000000, 74066.000000, 151216.000000, 226724.000000, 277491.000000, 284286.000000, 193567.000000, 62595.000000, 
1172015.000000, 114257.000000, 139925.000000, 209991.000000, 245973.000000, 249399.000000, 169270.000000, 43200.000000, 
1034976.000000, 244862.000000, 297703.000000, 168104.000000, 120376.000000, 129035.000000, 66247.000000, 8649.000000, 
0.880000, 1.000000, 1.000000, 0.800000, 0.490000, 0.520000, 0.390000, 0.200000, 
1118213.000000, 60455.000000, 139925.000000, 209991.000000, 245973.000000, 249399.000000, 169270.000000, 43200.000000, 
646587.000000, 56801.000000, 123870.000000, 155455.000000, 116085.000000, 123639.000000, 62588.000000, 8149.000000, 
0.580000, 0.940000, 0.890000, 0.740000, 0.470000, 0.500000, 0.370000, 0.190000, 
108156.000000, 489.000000, 88355.000000, 19312.000000, 

54730.000000, 3910.000000, 8141.000000, 10269.000000, 11678.000000, 10629.000000, 7197.000000, 2906.000000, 
58325.000000, 13625.000000, 12609.000000, 7928.000000, 8965.000000, 8179.000000, 5374.000000, 1645.000000, 
33634.000000, 10102.000000, 9831.000000, 4610.000000, 2844.000000, 3883.000000, 2119.000000, 245.000000, 
0.580000, 0.740000, 0.780000, 0.580000, 0.320000, 0.470000, 0.390000, 0.150000, 
42736.000000, 3140.000000, 7505.000000, 7928.000000, 8965.000000, 8179.000000, 5374.000000, 1645.000000, 
19261.000000, 2790.000000, 4702.000000, 3941.000000, 2531.000000, 3284.000000, 1790.000000, 223.000000, 
0.450000, 0.890000, 0.630000, 0.500000, 0.280000, 0.400000, 0.330000, 0.140000, 
2318.000000, 19.000000, 1167.000000, 1132.000000, 

1486091.000000, 90173.000000, 162767.000000, 233365.000000, 300530.000000, 328607.000000, 239608.000000, 131041.000000, 
1740695.000000, 292846.000000, 364722.000000, 211811.000000, 273620.000000, 298516.000000, 210333.000000, 88847.000000, 
960019.000000, 198170.000000, 274844.000000, 155503.000000, 114814.000000, 130712.000000, 75083.000000, 10893.000000, 
0.550000, 0.680000, 0.750000, 0.730000, 0.420000, 0.440000, 0.360000, 0.120000, 
1307136.000000, 67476.000000, 156533.000000, 211811.000000, 273620.000000, 298516.000000, 210333.000000, 88847.000000, 
482338.000000, 50009.000000, 102105.000000, 105266.000000, 78419.000000, 88290.000000, 50551.000000, 7698.000000, 
0.370000, 0.740000, 0.650000, 0.500000, 0.290000, 0.300000, 0.240000, 0.090000, 
103391.000000, 3000.000000, 67768.000000, 32623.000000, 

615493.000000, 38275.000000, 76204.000000, 105138.000000, 134488.000000, 140629.000000, 93736.000000, 27023.000000, 
481320.000000, 109213.000000, 97567.000000, 91937.000000, 59057.000000, 74978.000000, 40666.000000, 7902.000000, 
406377.000000, 108693.000000, 122942.000000, 58851.000000, 43313.000000, 49087.000000, 21705.000000, 1786.000000, 
0.840000, 1.000000, 1.000000, 0.640000, 0.730000, 0.650000, 0.530000, 0.230000, 
374391.000000, 27579.000000, 72272.000000, 91937.000000, 59057.000000, 74978.000000, 40666.000000, 7902.000000, 
223376.000000, 25239.000000, 50591.000000, 48576.000000, 37697.000000, 41500.000000, 18300.000000, 1473.000000, 
0.600000, 0.920000, 0.700000, 0.530000, 0.640000, 0.550000, 0.450000, 0.190000, 
8553.000000, 137.000000, 5813.000000, 2603.000000, 

451623.000000, 28233.000000, 52473.000000, 71944.000000, 93849.000000, 99413.000000, 73051.000000, 32660.000000, 
528324.000000, 80668.000000, 117404.000000, 64691.000000, 85569.000000, 89717.000000, 64758.000000, 25517.000000, 
271501.000000, 74340.000000, 83680.000000, 37595.000000, 27332.000000, 29751.000000, 15938.000000, 2865.000000, 
0.510000, 0.920000, 0.710000, 0.580000, 0.320000, 0.330000, 0.250000, 0.110000, 
400895.000000, 20684.000000, 49959.000000, 64691.000000, 85569.000000, 89717.000000, 64758.000000, 25517.000000, 
161176.000000, 18508.000000, 37522.000000, 34516.000000, 25688.000000, 27695.000000, 14612.000000, 2635.000000, 
0.400000, 0.890000, 0.750000, 0.530000, 0.300000, 0.310000, 0.230000, 0.100000, 
8109.000000, 184.000000, 5039.000000, 2886.000000, 

1302694.000000, 70615.000000, 149202.000000, 211639.000000, 266887.000000, 287803.000000, 210406.000000, 106142.000000, 
1447224.000000, 207995.000000, 319854.000000, 181163.000000, 230879.000000, 248225.000000, 177452.000000, 81656.000000, 
1058461.000000, 258366.000000, 290286.000000, 140524.000000, 124553.000000, 131928.000000, 88210.000000, 24594.000000, 
0.730000, 1.000000, 0.910000, 0.780000, 0.540000, 0.530000, 0.500000, 0.300000, 
1113020.000000, 53328.000000, 140317.000000, 181163.000000, 230879.000000, 248225.000000, 177452.000000, 81656.000000, 
643710.000000, 50143.000000, 115979.000000, 126583.000000, 121064.000000, 127268.000000, 80944.000000, 21729.000000, 
0.580000, 0.940000, 0.830000, 0.700000, 0.520000, 0.510000, 0.460000, 0.270000, 
115136.000000, 6075.000000, 78742.000000, 30319.000000, 

623065.000000, 21753.000000, 61615.000000, 91395.000000, 116478.000000, 142563.000000, 123692.000000, 65569.000000, 
500061.000000, 18.000000, 82581.000000, 69403.000000, 90268.000000, 111489.000000, 96996.000000, 49306.000000, 
11305812.000000, 74.000000, 1143486.000000, 2125871.000000, 2337372.000000, 2606825.000000, 2101322.000000, 990862.000000, 
1.000000, 1.000000, 1.000000, 1.000000, 1.000000, 1.000000, 1.000000, 1.000000, 
454497.000000, 3.000000, 37032.000000, 69403.000000, 90268.000000, 111489.000000, 96996.000000, 49306.000000, 
242502.000000, 2.000000, 21842.000000, 42965.000000, 49954.000000, 56838.000000, 47372.000000, 23529.000000, 
0.530000, 0.670000, 0.590000, 0.620000, 0.550000, 0.510000, 0.490000, 0.480000, 
16509.000000, 1.000000, 2641.000000, 13867.000000, 

117999.000000, 0.000000, 13173.000000, 18963.000000, 25739.000000, 29046.000000, 21907.000000, 9171.000000, 
111158.000000, 0.000000, 22137.000000, 16502.000000, 22431.000000, 25412.000000, 18891.000000, 5785.000000, 
81730.000000, 0.000000, 25452.000000, 13634.000000, 14363.000000, 15457.000000, 10301.000000, 2523.000000, 
0.740000, 0.000000, 1.000000, 0.830000, 0.640000, 0.610000, 0.550000, 0.440000, 
101599.000000, 0.000000, 12578.000000, 16502.000000, 22431.000000, 25412.000000, 18891.000000, 5785.000000, 
62061.000000, 0.000000, 10315.000000, 11825.000000, 13627.000000, 14636.000000, 9448.000000, 2210.000000, 
0.610000, 0.000000, 0.820000, 0.720000, 0.610000, 0.580000, 0.500000, 0.380000, 
12251.000000, 0.000000, 6544.000000, 5707.000000, 

731861.000000, 38508.000000, 90822.000000, 121233.000000, 158801.000000, 166253.000000, 116061.000000, 40183.000000, 
580214.000000, 116135.000000, 117186.000000, 111599.000000, 74744.000000, 92403.000000, 53272.000000, 14875.000000, 
462584.000000, 116153.000000, 143376.000000, 64702.000000, 51148.000000, 56213.000000, 28247.000000, 2745.000000, 
0.800000, 1.000000, 1.000000, 0.580000, 0.680000, 0.610000, 0.530000, 0.180000, 
461816.000000, 31219.000000, 83704.000000, 111599.000000, 74744.000000, 92403.000000, 53272.000000, 14875.000000, 
280932.000000, 29325.000000, 59989.000000, 60162.000000, 49002.000000, 53276.000000, 26575.000000, 2603.000000, 
0.610000, 0.940000, 0.720000, 0.540000, 0.660000, 0.580000, 0.500000, 0.170000, 
6272.000000, 77.000000, 4485.000000, 1710.000000, 

93100.000000, 5936.000000, 11760.000000, 16242.000000, 20842.000000, 20664.000000, 13597.000000, 4059.000000, 
97501.000000, 19585.000000, 18403.000000, 13014.000000, 16816.000000, 16754.000000, 10839.000000, 2090.000000, 
69725.000000, 14455.000000, 20180.000000, 10703.000000, 7294.000000, 9258.000000, 6477.000000, 1358.000000, 
0.720000, 0.740000, 1.000000, 0.820000, 0.430000, 0.550000, 0.600000, 0.650000, 
75001.000000, 4663.000000, 10825.000000, 13014.000000, 16816.000000, 16754.000000, 10839.000000, 2090.000000, 
35943.000000, 3924.000000, 7445.000000, 7554.000000, 5544.000000, 6383.000000, 4266.000000, 827.000000, 
0.480000, 0.840000, 0.690000, 0.580000, 0.330000, 0.380000, 0.390000, 0.400000, 
942.000000, 2.000000, 940.000000, 0.000000, 

825949.000000, 50055.000000, 99216.000000, 137530.000000, 176633.000000, 181018.000000, 126090.000000, 55407.000000, 
1007267.000000, 157102.000000, 228472.000000, 127740.000000, 163705.000000, 167740.000000, 115503.000000, 47005.000000, 
734319.000000, 126728.000000, 208337.000000, 111726.000000, 102324.000000, 106908.000000, 59060.000000, 19236.000000, 
0.730000, 0.810000, 0.910000, 0.870000, 0.630000, 0.640000, 0.510000, 0.410000, 
753084.000000, 36197.000000, 95194.000000, 127740.000000, 163705.000000, 167740.000000, 115503.000000, 47005.000000, 
439419.000000, 32789.000000, 79576.000000, 91712.000000, 85793.000000, 88785.000000, 47923.000000, 12841.000000, 
0.580000, 0.910000, 0.840000, 0.720000, 0.520000, 0.530000, 0.410000, 0.270000, 
17679.000000, 122.000000, 12257.000000, 5300.000000, 

3745556.000000, 258192.000000, 476770.000000, 652139.000000, 822569.000000, 840271.000000, 527588.000000, 168027.000000, 
4252102.000000, 937951.000000, 946055.000000, 538104.000000, 663077.000000, 670327.000000, 404749.000000, 91839.000000, 
3468198.000000, 897730.000000, 923435.000000, 499002.000000, 451184.000000, 465635.000000, 215209.000000, 16003.000000, 
0.820000, 0.960000, 0.980000, 0.930000, 0.680000, 0.690000, 0.530000, 0.170000, 
3056283.000000, 248140.000000, 440047.000000, 538104.000000, 663077.000000, 670327.000000, 404749.000000, 91839.000000, 
2019856.000000, 229569.000000, 362808.000000, 408216.000000, 402574.000000, 411583.000000, 190597.000000, 14509.000000, 
0.660000, 0.930000, 0.820000, 0.760000, 0.610000, 0.610000, 0.470000, 0.160000, 
303208.000000, 5285.000000, 211889.000000, 86034.000000, 

259420.000000, 19521.000000, 36900.000000, 48864.000000, 57783.000000, 55295.000000, 33798.000000, 7259.000000, 
260765.000000, 79310.000000, 54781.000000, 37018.000000, 21417.000000, 40738.000000, 24140.000000, 3361.000000, 
200306.000000, 62634.000000, 65877.000000, 27053.000000, 17206.000000, 18218.000000, 8913.000000, 405.000000, 
0.770000, 0.790000, 1.000000, 0.730000, 0.800000, 0.450000, 0.370000, 0.120000, 
176396.000000, 16319.000000, 33403.000000, 37018.000000, 21417.000000, 40738.000000, 24140.000000, 3361.000000, 
100728.000000, 15135.000000, 25342.000000, 22018.000000, 14864.000000, 15592.000000, 7427.000000, 350.000000, 
0.570000, 0.930000, 0.760000, 0.590000, 0.690000, 0.380000, 0.310000, 0.100000, 
10066.000000, 1990.000000, 6231.000000, 1845.000000, 

57999.000000, 1969.000000, 6389.000000, 9491.000000, 12693.000000, 14440.000000, 10648.000000, 2369.000000, 
72756.000000, 9039.000000, 15488.000000, 9276.000000, 12411.000000, 14100.000000, 10298.000000, 2144.000000, 
44612.000000, 7652.000000, 12809.000000, 6434.000000, 6329.000000, 6911.000000, 4153.000000, 324.000000, 
0.610000, 0.850000, 0.830000, 0.690000, 0.510000, 0.490000, 0.400000, 0.150000, 
56499.000000, 1897.000000, 6373.000000, 9276.000000, 12411.000000, 14100.000000, 10298.000000, 2144.000000, 
30323.000000, 1897.000000, 5337.000000, 5877.000000, 6149.000000, 6747.000000, 4003.000000, 313.000000, 
0.540000, 1.000000, 0.840000, 0.630000, 0.500000, 0.480000, 0.390000, 0.150000, 
5371.000000, 23.000000, 4492.000000, 856.000000, 

716353.000000, 43686.000000, 86477.000000, 122192.000000, 157804.000000, 161696.000000, 108407.000000, 36091.000000, 
558891.000000, 113156.000000, 139182.000000, 102139.000000, 65951.000000, 81560.000000, 46167.000000, 10736.000000, 
483357.000000, 90437.000000, 152082.000000, 83390.000000, 56853.000000, 62834.000000, 34226.000000, 3535.000000, 
0.860000, 0.800000, 1.000000, 0.820000, 0.860000, 0.770000, 0.740000, 0.330000, 
418854.000000, 30417.000000, 81884.000000, 102139.000000, 65951.000000, 81560.000000, 46167.000000, 10736.000000, 
310955.000000, 24424.000000, 65787.000000, 75120.000000, 53592.000000, 58387.000000, 30644.000000, 3001.000000, 
0.740000, 0.800000, 0.800000, 0.740000, 0.810000, 0.720000, 0.660000, 0.280000, 
50402.000000, 483.000000, 29041.000000, 20878.000000, 

868737.000000, 45827.000000, 97418.000000, 143895.000000, 187718.000000, 198110.000000, 141912.000000, 53857.000000, 
635897.000000, 113448.000000, 128299.000000, 126404.000000, 83516.000000, 105195.000000, 61319.000000, 17716.000000, 
587619.000000, 120842.000000, 176252.000000, 89607.000000, 72068.000000, 79461.000000, 41345.000000, 8044.000000, 
0.920000, 1.000000, 1.000000, 0.710000, 0.860000, 0.760000, 0.670000, 0.450000, 
524995.000000, 37196.000000, 93649.000000, 126404.000000, 83516.000000, 105195.000000, 61319.000000, 17716.000000, 
370990.000000, 33611.000000, 74535.000000, 80928.000000, 66515.000000, 72716.000000, 36856.000000, 5829.000000, 
0.710000, 0.900000, 0.800000, 0.640000, 0.800000, 0.690000, 0.600000, 0.330000, 
15609.000000, 228.000000, 10060.000000, 5321.000000, 

239281.000000, 13910.000000, 27589.000000, 38624.000000, 48258.000000, 53646.000000, 39176.000000, 18078.000000, 
246226.000000, 43053.000000, 50036.000000, 34687.000000, 21799.000000, 47843.000000, 34657.000000, 14151.000000, 
242883.000000, 48707.000000, 55341.000000, 46612.000000, 34494.000000, 36732.000000, 19554.000000, 1443.000000, 
0.990000, 1.000000, 1.000000, 1.000000, 1.000000, 0.770000, 0.560000, 0.100000, 
189672.000000, 9920.000000, 26615.000000, 34687.000000, 21799.000000, 47843.000000, 34657.000000, 14151.000000, 
101406.000000, 9592.000000, 22255.000000, 22985.000000, 16740.000000, 18563.000000, 10196.000000, 1075.000000, 
0.530000, 0.970000, 0.840000, 0.660000, 0.770000, 0.390000, 0.290000, 0.080000, 
13185.000000, 780.000000, 9005.000000, 3400.000000, 

598510.000000, 35138.000000, 69854.000000, 102149.000000, 129186.000000, 134687.000000, 93319.000000, 34177.000000, 
462541.000000, 81360.000000, 118672.000000, 88950.000000, 55367.000000, 69044.000000, 38551.000000, 10597.000000, 
549187.000000, 133620.000000, 163870.000000, 79897.000000, 64020.000000, 67748.000000, 34869.000000, 5163.000000, 
1.000000, 1.000000, 1.000000, 0.900000, 1.000000, 0.980000, 0.900000, 0.490000, 
354605.000000, 25425.000000, 66671.000000, 88950.000000, 55367.000000, 69044.000000, 38551.000000, 10597.000000, 
270915.000000, 24102.000000, 54412.000000, 58615.000000, 50547.000000, 51866.000000, 27208.000000, 4165.000000, 
0.760000, 0.950000, 0.820000, 0.660000, 0.910000, 0.750000, 0.710000, 0.390000, 
61091.000000, 1222.000000, 39576.000000, 20293.000000, 

57708.000000, 3551.000000, 7354.000000, 10124.000000, 12926.000000, 12369.000000, 8637.000000, 2747.000000, 
58814.000000, 12264.000000, 12659.000000, 8612.000000, 5590.000000, 10608.000000, 7256.000000, 1825.000000, 
35843.000000, 11218.000000, 11912.000000, 4830.000000, 2503.000000, 3387.000000, 1869.000000, 124.000000, 
0.610000, 0.910000, 0.940000, 0.560000, 0.450000, 0.320000, 0.260000, 0.070000, 
43691.000000, 2920.000000, 6880.000000, 8612.000000, 5590.000000, 10608.000000, 7256.000000, 1825.000000, 
19068.000000, 2685.000000, 4958.000000, 4228.000000, 2350.000000, 3071.000000, 1662.000000, 114.000000, 
0.440000, 0.920000, 0.720000, 0.490000, 0.420000, 0.290000, 0.230000, 0.060000, 
1748.000000, 8.000000, 909.000000, 831.000000, 

