712703.000000, 45146.000000, 87187.000000, 115598.000000, 153692.000000, 161904.000000, 118354.000000, 30822.000000, 
779825.000000, 152849.000000, 140144.000000, 97120.000000, 131283.000000, 139943.000000, 101080.000000, 17406.000000, 
471239.000000, 99271.000000, 146567.000000, 63752.000000, 56279.000000, 66666.000000, 36439.000000, 2265.000000, 
0.600000, 0.650000, 1.000000, 0.660000, 0.430000, 0.480000, 0.360000, 0.130000, 
608012.000000, 39701.000000, 81479.000000, 97120.000000, 131283.000000, 139943.000000, 101080.000000, 17406.000000, 
313196.000000, 31999.000000, 62823.000000, 61149.000000, 54838.000000, 64673.000000, 35474.000000, 2240.000000, 
0.520000, 0.810000, 0.770000, 0.630000, 0.420000, 0.460000, 0.350000, 0.130000, 
44165.000000, 1538.000000, 31575.000000, 11052.000000, 

97235.000000, 6014.000000, 12019.000000, 16072.000000, 20404.000000, 21388.000000, 16063.000000, 5275.000000, 
107775.000000, 16631.000000, 24370.000000, 13695.000000, 17459.000000, 18500.000000, 13540.000000, 3580.000000, 
57304.000000, 16613.000000, 15871.000000, 8533.000000, 4790.000000, 6614.000000, 4542.000000, 341.000000, 
0.530000, 1.000000, 0.650000, 0.620000, 0.270000, 0.360000, 0.340000, 0.100000, 
82888.000000, 4779.000000, 11335.000000, 13695.000000, 17459.000000, 18500.000000, 13540.000000, 3580.000000, 
33356.000000, 4232.000000, 7453.000000, 7241.000000, 4371.000000, 5800.000000, 3945.000000, 314.000000, 
0.400000, 0.890000, 0.660000, 0.530000, 0.250000, 0.310000, 0.290000, 0.090000, 
241.000000, 1.000000, 127.000000, 113.000000, 

826864.000000, 52663.000000, 101152.000000, 136959.000000, 183192.000000, 194251.000000, 130662.000000, 27985.000000, 
889850.000000, 176699.000000, 168166.000000, 115021.000000, 150231.000000, 158954.000000, 103928.000000, 16851.000000, 
596672.000000, 153767.000000, 168604.000000, 78624.000000, 72949.000000, 80401.000000, 39835.000000, 2492.000000, 
0.670000, 0.870000, 1.000000, 0.680000, 0.490000, 0.510000, 0.380000, 0.150000, 
682741.000000, 38835.000000, 98921.000000, 115021.000000, 150231.000000, 158954.000000, 103928.000000, 16851.000000, 
351631.000000, 36581.000000, 72612.000000, 68721.000000, 65359.000000, 71370.000000, 34742.000000, 2246.000000, 
0.520000, 0.940000, 0.730000, 0.600000, 0.440000, 0.450000, 0.330000, 0.130000, 
35080.000000, 496.000000, 19948.000000, 14636.000000, 

458643.000000, 23773.000000, 50797.000000, 77037.000000, 101395.000000, 104020.000000, 72424.000000, 29197.000000, 
441570.000000, 68299.000000, 65420.000000, 72062.000000, 48478.000000, 97661.000000, 67031.000000, 22619.000000, 
253144.000000, 58198.000000, 70678.000000, 42870.000000, 27252.000000, 34064.000000, 19015.000000, 1067.000000, 
0.570000, 0.850000, 1.000000, 0.590000, 0.560000, 0.350000, 0.280000, 0.050000, 
374670.000000, 18360.000000, 48459.000000, 72062.000000, 48478.000000, 97661.000000, 67031.000000, 22619.000000, 
169111.000000, 16125.000000, 33127.000000, 40785.000000, 26579.000000, 33042.000000, 18411.000000, 1042.000000, 
0.450000, 0.880000, 0.680000, 0.570000, 0.550000, 0.340000, 0.270000, 0.050000, 
15100.000000, 290.000000, 9224.000000, 5586.000000, 

6146592.000000, 308000.000000, 634175.000000, 927244.000000, 1279200.000000, 1417864.000000, 1077528.000000, 502581.000000, 
5386576.000000, 686727.000000, 921994.000000, 680453.000000, 947716.000000, 1043274.000000, 768669.000000, 337743.000000, 
4434715.000000, 478161.000000, 1104952.000000, 763023.000000, 718996.000000, 761391.000000, 476614.000000, 131578.000000, 
0.820000, 0.700000, 1.000000, 1.000000, 0.760000, 0.730000, 0.620000, 0.390000, 
4603902.000000, 227349.000000, 598698.000000, 680453.000000, 947716.000000, 1043274.000000, 768669.000000, 337743.000000, 
2339560.000000, 177869.000000, 411647.000000, 460865.000000, 446893.000000, 478450.000000, 291973.000000, 71863.000000, 
0.510000, 0.780000, 0.690000, 0.680000, 0.470000, 0.460000, 0.380000, 0.210000, 
288141.000000, 2465.000000, 186999.000000, 98677.000000, 

652414.000000, 34018.000000, 69811.000000, 103382.000000, 142918.000000, 153880.000000, 101581.000000, 46824.000000, 
705264.000000, 88659.000000, 124075.000000, 93057.000000, 130437.000000, 140533.000000, 89998.000000, 38505.000000, 
430156.000000, 98758.000000, 116484.000000, 61407.000000, 54540.000000, 63089.000000, 30363.000000, 5515.000000, 
0.610000, 1.000000, 0.940000, 0.660000, 0.420000, 0.450000, 0.340000, 0.140000, 
584282.000000, 25045.000000, 66707.000000, 93057.000000, 130437.000000, 140533.000000, 89998.000000, 38505.000000, 
275617.000000, 23201.000000, 50484.000000, 56225.000000, 52317.000000, 59792.000000, 28444.000000, 5154.000000, 
0.470000, 0.930000, 0.760000, 0.600000, 0.400000, 0.430000, 0.320000, 0.130000, 
8786.000000, 128.000000, 6621.000000, 2037.000000, 

382416.000000, 18517.000000, 39007.000000, 57268.000000, 78771.000000, 89266.000000, 68461.000000, 31126.000000, 
427661.000000, 53227.000000, 85534.000000, 51056.000000, 71019.000000, 80485.000000, 60900.000000, 25440.000000, 
340523.000000, 64425.000000, 86042.000000, 45424.000000, 45948.000000, 53332.000000, 36378.000000, 8974.000000, 
0.800000, 1.000000, 1.000000, 0.890000, 0.650000, 0.660000, 0.600000, 0.350000, 
340063.000000, 13648.000000, 37515.000000, 51056.000000, 71019.000000, 80485.000000, 60900.000000, 25440.000000, 
225815.000000, 13155.000000, 32716.000000, 41541.000000, 44670.000000, 51748.000000, 34023.000000, 7962.000000, 
0.660000, 0.960000, 0.870000, 0.810000, 0.630000, 0.640000, 0.560000, 0.310000, 
42177.000000, 453.000000, 25714.000000, 16010.000000, 

117701.000000, 6456.000000, 13198.000000, 18927.000000, 25230.000000, 26632.000000, 18207.000000, 9051.000000, 
126837.000000, 20142.000000, 22669.000000, 16253.000000, 21925.000000, 23094.000000, 15429.000000, 7325.000000, 
93485.000000, 20142.000000, 22669.000000, 13537.000000, 13410.000000, 14489.000000, 7411.000000, 1827.000000, 
0.740000, 1.000000, 1.000000, 0.830000, 0.610000, 0.630000, 0.480000, 0.250000, 
101497.000000, 4877.000000, 12594.000000, 16253.000000, 21925.000000, 23094.000000, 15429.000000, 7325.000000, 
57743.000000, 4602.000000, 10008.000000, 11155.000000, 12116.000000, 12087.000000, 6197.000000, 1578.000000, 
0.570000, 0.940000, 0.790000, 0.690000, 0.550000, 0.520000, 0.400000, 0.220000, 
798.000000, 1.000000, 449.000000, 348.000000, 

98670.000000, 5705.000000, 11955.000000, 17109.000000, 20971.000000, 19835.000000, 15012.000000, 8083.000000, 
120450.000000, 19375.000000, 26165.000000, 15737.000000, 19404.000000, 18523.000000, 14026.000000, 7220.000000, 
106004.000000, 19585.000000, 24864.000000, 15633.000000, 16061.000000, 15467.000000, 10517.000000, 3877.000000, 
0.880000, 1.000000, 0.950000, 0.990000, 0.830000, 0.840000, 0.750000, 0.540000, 
91152.000000, 4613.000000, 11629.000000, 15737.000000, 19404.000000, 18523.000000, 14026.000000, 7220.000000, 
56991.000000, 4039.000000, 9048.000000, 11080.000000, 11991.000000, 11250.000000, 7193.000000, 2390.000000, 
0.630000, 0.880000, 0.780000, 0.700000, 0.620000, 0.610000, 0.510000, 0.330000, 
9795.000000, 300.000000, 6531.000000, 2964.000000, 

2554597.000000, 150633.000000, 298639.000000, 407435.000000, 547046.000000, 580929.000000, 414727.000000, 155188.000000, 
3008825.000000, 516826.000000, 669150.000000, 363518.000000, 486684.000000, 514724.000000, 356089.000000, 101834.000000, 
2081519.000000, 488199.000000, 593878.000000, 296753.000000, 259744.000000, 275193.000000, 148296.000000, 19456.000000, 
0.690000, 0.940000, 0.890000, 0.820000, 0.530000, 0.530000, 0.420000, 0.190000, 
2231408.000000, 121002.000000, 287557.000000, 363518.000000, 486684.000000, 514724.000000, 356089.000000, 101834.000000, 
1277556.000000, 113426.000000, 237556.000000, 265501.000000, 246081.000000, 259105.000000, 138117.000000, 17770.000000, 
0.570000, 0.940000, 0.830000, 0.730000, 0.510000, 0.500000, 0.390000, 0.170000, 
196704.000000, 2500.000000, 134822.000000, 59382.000000, 

1412892.000000, 87795.000000, 171992.000000, 234783.000000, 315941.000000, 327861.000000, 219302.000000, 55218.000000, 
1655291.000000, 294239.000000, 361704.000000, 206583.000000, 278318.000000, 292025.000000, 190298.000000, 32124.000000, 
1103070.000000, 268119.000000, 323586.000000, 157426.000000, 136521.000000, 144073.000000, 69779.000000, 3566.000000, 
0.670000, 0.910000, 0.890000, 0.760000, 0.490000, 0.490000, 0.370000, 0.110000, 
1228427.000000, 64668.000000, 164411.000000, 206583.000000, 278318.000000, 292025.000000, 190298.000000, 32124.000000, 
666337.000000, 61663.000000, 132805.000000, 138952.000000, 129156.000000, 135410.000000, 65011.000000, 3340.000000, 
0.540000, 0.950000, 0.810000, 0.670000, 0.460000, 0.460000, 0.340000, 0.100000, 
108025.000000, 3529.000000, 90773.000000, 13723.000000, 

28406.000000, 3251.000000, 3545.000000, 4777.000000, 5700.000000, 5861.000000, 4048.000000, 1224.000000, 
0.000000, 0.000000, 0.000000, 0.000000, 0.000000, 0.000000, 0.000000, 0.000000, 
6387.000000, 2447.000000, 658.000000, 1138.000000, 498.000000, 1286.000000, 351.000000, 9.000000, 
0.000000, 0.000000, 0.000000, 0.000000, 0.000000, 0.000000, 0.000000, 0.000000, 
0.000000, 0.000000, 0.000000, 0.000000, 0.000000, 0.000000, 0.000000, 0.000000, 
5298.000000, 1428.000000, 613.000000, 1126.000000, 493.000000, 1281.000000, 348.000000, 9.000000, 
0.000000, 0.000000, 0.000000, 0.000000, 0.000000, 0.000000, 0.000000, 0.000000, 
50.000000, 3.000000, 13.000000, 34.000000, 

174827.000000, 9735.000000, 20617.000000, 28208.000000, 36093.000000, 39333.000000, 28151.000000, 12690.000000, 
129820.000000, 24853.000000, 30998.000000, 22990.000000, 14849.000000, 19715.000000, 11899.000000, 4516.000000, 
126457.000000, 26560.000000, 37877.000000, 19147.000000, 14495.000000, 16211.000000, 10916.000000, 1251.000000, 
0.970000, 1.000000, 1.000000, 0.830000, 0.980000, 0.820000, 0.920000, 0.280000, 
98267.000000, 6276.000000, 18022.000000, 22990.000000, 14849.000000, 19715.000000, 11899.000000, 4516.000000, 
80390.000000, 6213.000000, 15765.000000, 17756.000000, 13909.000000, 15249.000000, 10251.000000, 1247.000000, 
0.820000, 0.990000, 0.870000, 0.770000, 0.940000, 0.770000, 0.860000, 0.280000, 
9476.000000, 614.000000, 7238.000000, 1568.000000, 

224191.000000, 12857.000000, 26918.000000, 37954.000000, 49908.000000, 52058.000000, 35049.000000, 9447.000000, 
256903.000000, 35896.000000, 59545.000000, 33582.000000, 44724.000000, 46777.000000, 30934.000000, 5445.000000, 
157494.000000, 41420.000000, 46879.000000, 21311.000000, 18373.000000, 19310.000000, 9258.000000, 943.000000, 
0.610000, 1.000000, 0.790000, 0.630000, 0.410000, 0.410000, 0.300000, 0.170000, 
196699.000000, 9348.000000, 25889.000000, 33582.000000, 44724.000000, 46777.000000, 30934.000000, 5445.000000, 
93087.000000, 8975.000000, 19829.000000, 19151.000000, 17503.000000, 18099.000000, 8654.000000, 876.000000, 
0.470000, 0.960000, 0.770000, 0.570000, 0.390000, 0.390000, 0.280000, 0.160000, 
5855.000000, 34.000000, 4194.000000, 1627.000000, 

1593310.000000, 76416.000000, 168031.000000, 247715.000000, 343628.000000, 377077.000000, 266157.000000, 114286.000000, 
1793341.000000, 204404.000000, 374501.000000, 224806.000000, 316237.000000, 346937.000000, 241270.000000, 85186.000000, 
1263012.000000, 227147.000000, 314287.000000, 206899.000000, 151119.000000, 218392.000000, 116970.000000, 28198.000000, 
0.700000, 1.000000, 0.840000, 0.920000, 0.480000, 0.630000, 0.480000, 0.330000, 
1431014.000000, 55848.000000, 160730.000000, 224806.000000, 316237.000000, 346937.000000, 241270.000000, 85186.000000, 
778719.000000, 51315.000000, 127611.000000, 160412.000000, 132792.000000, 183794.000000, 99097.000000, 23698.000000, 
0.540000, 0.920000, 0.790000, 0.710000, 0.420000, 0.530000, 0.410000, 0.280000, 
225550.000000, 6881.000000, 113206.000000, 105463.000000, 

813781.000000, 49546.000000, 97108.000000, 129967.000000, 173808.000000, 185828.000000, 129115.000000, 48409.000000, 
966569.000000, 164191.000000, 216396.000000, 115958.000000, 157157.000000, 168036.000000, 113853.000000, 30978.000000, 
679318.000000, 154742.000000, 190187.000000, 93645.000000, 82166.000000, 97033.000000, 54713.000000, 6832.000000, 
0.700000, 0.940000, 0.880000, 0.810000, 0.520000, 0.580000, 0.480000, 0.220000, 
714942.000000, 36086.000000, 92874.000000, 115958.000000, 157157.000000, 168036.000000, 113853.000000, 30978.000000, 
388625.000000, 33927.000000, 73982.000000, 76230.000000, 71797.000000, 81295.000000, 45492.000000, 5902.000000, 
0.540000, 0.940000, 0.800000, 0.660000, 0.460000, 0.480000, 0.400000, 0.190000, 
39586.000000, 905.000000, 27367.000000, 11314.000000, 

348596.000000, 21974.000000, 42890.000000, 55260.000000, 74339.000000, 76346.000000, 53565.000000, 24222.000000, 
262796.000000, 60849.000000, 64133.000000, 42671.000000, 29575.000000, 36967.000000, 21175.000000, 7426.000000, 
241197.000000, 62559.000000, 74430.000000, 33380.000000, 23537.000000, 27027.000000, 16330.000000, 3934.000000, 
0.920000, 1.000000, 1.000000, 0.780000, 0.800000, 0.730000, 0.770000, 0.530000, 
195086.000000, 17189.000000, 40083.000000, 42671.000000, 29575.000000, 36967.000000, 21175.000000, 7426.000000, 
142415.000000, 15702.000000, 31039.000000, 30573.000000, 22433.000000, 25597.000000, 14566.000000, 2505.000000, 
0.730000, 0.910000, 0.770000, 0.720000, 0.760000, 0.690000, 0.690000, 0.340000, 
25462.000000, 108.000000, 15976.000000, 9378.000000, 

291048.000000, 18342.000000, 37868.000000, 53726.000000, 64484.000000, 63581.000000, 41134.000000, 11913.000000, 
350619.000000, 53878.000000, 85171.000000, 48920.000000, 59464.000000, 58630.000000, 36903.000000, 7653.000000, 
263311.000000, 66447.000000, 71361.000000, 38968.000000, 28679.000000, 30592.000000, 19670.000000, 7594.000000, 
0.750000, 1.000000, 0.840000, 0.800000, 0.480000, 0.520000, 0.530000, 0.990000, 
262846.000000, 14721.000000, 36555.000000, 48920.000000, 59464.000000, 58630.000000, 36903.000000, 7653.000000, 
136299.000000, 13320.000000, 26513.000000, 30557.000000, 24092.000000, 24766.000000, 13893.000000, 3158.000000, 
0.520000, 0.900000, 0.730000, 0.620000, 0.410000, 0.420000, 0.380000, 0.410000, 
20066.000000, 249.000000, 13885.000000, 5932.000000, 

591453.000000, 34739.000000, 69048.000000, 95320.000000, 128224.000000, 138257.000000, 100339.000000, 25526.000000, 
549656.000000, 77453.000000, 115277.000000, 82482.000000, 55585.000000, 119848.000000, 85435.000000, 13576.000000, 
449949.000000, 90049.000000, 135646.000000, 68579.000000, 48031.000000, 68398.000000, 35234.000000, 4012.000000, 
0.820000, 1.000000, 1.000000, 0.830000, 0.860000, 0.570000, 0.410000, 0.300000, 
448120.000000, 25010.000000, 66184.000000, 82482.000000, 55585.000000, 119848.000000, 85435.000000, 13576.000000, 
260463.000000, 23252.000000, 52503.000000, 55816.000000, 40716.000000, 56571.000000, 28373.000000, 3232.000000, 
0.580000, 0.930000, 0.790000, 0.680000, 0.730000, 0.470000, 0.330000, 0.240000, 
37959.000000, 602.000000, 26382.000000, 10975.000000, 

853645.000000, 45528.000000, 91696.000000, 132683.000000, 183358.000000, 199127.000000, 146730.000000, 54523.000000, 
735138.000000, 136802.000000, 172218.000000, 128418.000000, 88791.000000, 116146.000000, 71049.000000, 21714.000000, 
774862.000000, 151930.000000, 192487.000000, 110669.000000, 95488.000000, 131218.000000, 84465.000000, 8605.000000, 
1.000000, 1.000000, 1.000000, 0.860000, 1.000000, 1.000000, 1.000000, 0.400000, 
552598.000000, 36783.000000, 89697.000000, 128418.000000, 88791.000000, 116146.000000, 71049.000000, 21714.000000, 
420976.000000, 35019.000000, 71771.000000, 80200.000000, 75022.000000, 93720.000000, 58530.000000, 6714.000000, 
0.760000, 0.950000, 0.800000, 0.620000, 0.840000, 0.810000, 0.820000, 0.310000, 
56908.000000, 319.000000, 38599.000000, 17990.000000, 

138203.000000, 6527.000000, 14119.000000, 20730.000000, 28750.000000, 32798.000000, 24659.000000, 10620.000000, 
145425.000000, 26107.000000, 25286.000000, 18550.000000, 26131.000000, 29736.000000, 11066.000000, 8549.000000, 
140271.000000, 27853.000000, 39541.000000, 17794.000000, 18639.000000, 21054.000000, 12732.000000, 2658.000000, 
0.960000, 1.000000, 1.000000, 0.960000, 0.710000, 0.710000, 1.000000, 0.310000, 
113125.000000, 5350.000000, 13743.000000, 18550.000000, 26131.000000, 29736.000000, 11066.000000, 8549.000000, 
70261.000000, 5112.000000, 11870.000000, 12722.000000, 13822.000000, 15544.000000, 9258.000000, 1933.000000, 
0.620000, 0.960000, 0.860000, 0.690000, 0.530000, 0.520000, 0.840000, 0.230000, 
4373.000000, 20.000000, 3304.000000, 1049.000000, 

705592.000000, 39526.000000, 80170.000000, 113908.000000, 153375.000000, 157433.000000, 112642.000000, 48538.000000, 
780826.000000, 118591.000000, 141488.000000, 101949.000000, 139006.000000, 141187.000000, 99603.000000, 39002.000000, 
734929.000000, 139731.000000, 189441.000000, 103425.000000, 105239.000000, 109786.000000, 69352.000000, 17955.000000, 
0.940000, 1.000000, 1.000000, 1.000000, 0.760000, 0.780000, 0.700000, 0.460000, 
630891.000000, 32402.000000, 77742.000000, 101949.000000, 139006.000000, 141187.000000, 99603.000000, 39002.000000, 
411485.000000, 29587.000000, 65825.000000, 79050.000000, 84359.000000, 86361.000000, 52826.000000, 13477.000000, 
0.650000, 0.910000, 0.850000, 0.780000, 0.610000, 0.610000, 0.530000, 0.350000, 
67892.000000, 1195.000000, 43627.000000, 23070.000000, 

711925.000000, 38951.000000, 79244.000000, 107518.000000, 144307.000000, 156703.000000, 122832.000000, 62370.000000, 
735269.000000, 99112.000000, 132195.000000, 91334.000000, 124564.000000, 135046.000000, 103604.000000, 49414.000000, 
900597.000000, 126102.000000, 230559.000000, 129617.000000, 133182.000000, 137919.000000, 104086.000000, 39132.000000, 
1.000000, 1.000000, 1.000000, 1.000000, 1.000000, 1.000000, 1.000000, 0.790000, 
605760.000000, 27531.000000, 74267.000000, 91334.000000, 124564.000000, 135046.000000, 103604.000000, 49414.000000, 
415095.000000, 19390.000000, 60044.000000, 72242.000000, 87113.000000, 91580.000000, 63422.000000, 21304.000000, 
0.690000, 0.700000, 0.810000, 0.790000, 0.700000, 0.680000, 0.610000, 0.430000, 
79882.000000, 1240.000000, 31392.000000, 47250.000000, 

1201887.000000, 70010.000000, 139056.000000, 187894.000000, 246795.000000, 277714.000000, 210438.000000, 69980.000000, 
1378773.000000, 243878.000000, 236715.000000, 215662.000000, 215628.000000, 242671.000000, 180812.000000, 43407.000000, 
953657.000000, 238028.000000, 254620.000000, 129896.000000, 109839.000000, 128885.000000, 79517.000000, 12872.000000, 
0.690000, 0.980000, 1.000000, 0.600000, 0.510000, 0.530000, 0.440000, 0.300000, 
1052561.000000, 57178.000000, 133092.000000, 179773.000000, 215628.000000, 242671.000000, 180812.000000, 43407.000000, 
537449.000000, 52186.000000, 98851.000000, 103841.000000, 94677.000000, 109716.000000, 67324.000000, 10854.000000, 
0.510000, 0.910000, 0.740000, 0.580000, 0.440000, 0.450000, 0.370000, 0.250000, 
112145.000000, 2265.000000, 71476.000000, 38404.000000, 

591603.000000, 31933.000000, 71045.000000, 95325.000000, 126167.000000, 133128.000000, 92400.000000, 41605.000000, 
462595.000000, 79380.000000, 119637.000000, 81669.000000, 54798.000000, 70807.000000, 39991.000000, 16313.000000, 
405365.000000, 97653.000000, 121424.000000, 58369.000000, 43850.000000, 51035.000000, 26339.000000, 6695.000000, 
0.880000, 1.000000, 1.000000, 0.710000, 0.800000, 0.720000, 0.660000, 0.410000, 
357618.000000, 26031.000000, 68009.000000, 81669.000000, 54798.000000, 70807.000000, 39991.000000, 16313.000000, 
252068.000000, 24025.000000, 52617.000000, 53980.000000, 42084.000000, 48346.000000, 24694.000000, 6322.000000, 
0.700000, 0.920000, 0.770000, 0.660000, 0.770000, 0.680000, 0.620000, 0.390000, 
40379.000000, 1394.000000, 31807.000000, 7178.000000, 

470000.000000, 28486.000000, 57484.000000, 79035.000000, 110681.000000, 105319.000000, 72646.000000, 16349.000000, 
544543.000000, 73152.000000, 109800.000000, 75095.000000, 105981.000000, 100930.000000, 69481.000000, 10104.000000, 
309239.000000, 81567.000000, 96852.000000, 43855.000000, 32549.000000, 35158.000000, 18002.000000, 1256.000000, 
0.570000, 1.000000, 0.880000, 0.580000, 0.310000, 0.350000, 0.260000, 0.120000, 
441049.000000, 22860.000000, 56598.000000, 75095.000000, 105981.000000, 100930.000000, 69481.000000, 10104.000000, 
176615.000000, 21933.000000, 40546.000000, 37750.000000, 29180.000000, 30513.000000, 15562.000000, 1131.000000, 
0.400000, 0.960000, 0.720000, 0.500000, 0.280000, 0.300000, 0.220000, 0.110000, 
49325.000000, 899.000000, 27796.000000, 20630.000000, 

687806.000000, 41019.000000, 84610.000000, 112566.000000, 150671.000000, 158082.000000, 110200.000000, 30658.000000, 
575796.000000, 99171.000000, 157143.000000, 102533.000000, 68681.000000, 87500.000000, 50003.000000, 10765.000000, 
731465.000000, 163878.000000, 217558.000000, 115578.000000, 79167.000000, 88782.000000, 55179.000000, 11323.000000, 
1.000000, 1.000000, 1.000000, 1.000000, 1.000000, 1.000000, 1.000000, 1.000000, 
432703.000000, 30514.000000, 82707.000000, 102533.000000, 68681.000000, 87500.000000, 50003.000000, 10765.000000, 
304370.000000, 28694.000000, 64082.000000, 64274.000000, 51202.000000, 56666.000000, 33546.000000, 5906.000000, 
0.700000, 0.940000, 0.770000, 0.630000, 0.750000, 0.650000, 0.670000, 0.550000, 
66097.000000, 686.000000, 38755.000000, 26656.000000, 

122954.000000, 7324.000000, 15164.000000, 21111.000000, 24580.000000, 29426.000000, 19654.000000, 5695.000000, 
138636.000000, 21064.000000, 31883.000000, 17647.000000, 23712.000000, 24902.000000, 16138.000000, 3290.000000, 
83302.000000, 23375.000000, 25235.000000, 12225.000000, 7509.000000, 9892.000000, 4748.000000, 318.000000, 
0.600000, 1.000000, 0.790000, 0.690000, 0.320000, 0.400000, 0.290000, 0.100000, 
105838.000000, 5851.000000, 14298.000000, 17647.000000, 23712.000000, 24902.000000, 16138.000000, 3290.000000, 
40339.000000, 5120.000000, 9176.000000, 8894.000000, 5799.000000, 7416.000000, 3673.000000, 261.000000, 
0.380000, 0.880000, 0.640000, 0.500000, 0.240000, 0.300000, 0.230000, 0.080000, 
1529.000000, 19.000000, 886.000000, 624.000000, 

200248.000000, 12942.000000, 25505.000000, 33875.000000, 45133.000000, 45655.000000, 28920.000000, 8218.000000, 
226883.000000, 38586.000000, 53539.000000, 28465.000000, 38372.000000, 39272.000000, 24133.000000, 4516.000000, 
149391.000000, 41713.000000, 46538.000000, 20535.000000, 12046.000000, 19151.000000, 8848.000000, 560.000000, 
0.660000, 1.000000, 0.870000, 0.720000, 0.310000, 0.490000, 0.370000, 0.120000, 
169646.000000, 10547.000000, 24341.000000, 28465.000000, 38372.000000, 39272.000000, 24133.000000, 4516.000000, 
72438.000000, 9762.000000, 16545.000000, 15107.000000, 9507.000000, 14219.000000, 6829.000000, 469.000000, 
0.430000, 0.930000, 0.680000, 0.530000, 0.250000, 0.360000, 0.280000, 0.100000, 
12133.000000, 98.000000, 7543.000000, 4492.000000, 

388484.000000, 22810.000000, 46452.000000, 64570.000000, 85535.000000, 87473.000000, 56879.000000, 24765.000000, 
281485.000000, 52011.000000, 72063.000000, 50592.000000, 33760.000000, 42245.000000, 22330.000000, 8484.000000, 
261665.000000, 67466.000000, 72686.000000, 38891.000000, 31253.000000, 33453.000000, 15758.000000, 2158.000000, 
0.930000, 1.000000, 1.000000, 0.770000, 0.930000, 0.790000, 0.710000, 0.250000, 
217432.000000, 17631.000000, 42390.000000, 50592.000000, 33760.000000, 42245.000000, 22330.000000, 8484.000000, 
144531.000000, 15554.000000, 30185.000000, 30126.000000, 26313.000000, 27503.000000, 12957.000000, 1893.000000, 
0.660000, 0.880000, 0.710000, 0.600000, 0.780000, 0.650000, 0.580000, 0.220000, 
10721.000000, 125.000000, 7051.000000, 3545.000000, 

119497.000000, 5718.000000, 12442.000000, 18458.000000, 24977.000000, 28123.000000, 21252.000000, 8527.000000, 
113843.000000, 15727.000000, 21639.000000, 16097.000000, 11071.000000, 24931.000000, 18415.000000, 5963.000000, 
90823.000000, 16868.000000, 23170.000000, 12386.000000, 13290.000000, 14893.000000, 8925.000000, 1291.000000, 
0.800000, 1.000000, 1.000000, 0.770000, 1.000000, 0.600000, 0.480000, 0.220000, 
92144.000000, 4033.000000, 11634.000000, 16097.000000, 11071.000000, 24931.000000, 18415.000000, 5963.000000, 
60115.000000, 3770.000000, 9343.000000, 11050.000000, 12598.000000, 13932.000000, 8247.000000, 1175.000000, 
0.650000, 0.930000, 0.800000, 0.690000, 1.000000, 0.560000, 0.450000, 0.200000, 
6026.000000, 47.000000, 5055.000000, 924.000000, 

872992.000000, 53576.000000, 98666.000000, 139422.000000, 184860.000000, 197323.000000, 138887.000000, 60258.000000, 
941770.000000, 112947.000000, 178527.000000, 127780.000000, 169375.000000, 180563.000000, 125059.000000, 47519.000000, 
749425.000000, 99829.000000, 204914.000000, 115706.000000, 112879.000000, 122506.000000, 75464.000000, 18127.000000, 
0.800000, 0.880000, 1.000000, 0.910000, 0.670000, 0.680000, 0.600000, 0.380000, 
777163.000000, 31906.000000, 94961.000000, 127780.000000, 169375.000000, 180563.000000, 125059.000000, 47519.000000, 
473828.000000, 28533.000000, 77733.000000, 91047.000000, 96283.000000, 103085.000000, 62523.000000, 14624.000000, 
0.610000, 0.890000, 0.820000, 0.710000, 0.570000, 0.570000, 0.500000, 0.310000, 
91020.000000, 1546.000000, 46591.000000, 42883.000000, 

402696.000000, 19846.000000, 41874.000000, 61659.000000, 87256.000000, 95891.000000, 67713.000000, 28457.000000, 
345793.000000, 80472.000000, 59642.000000, 46341.000000, 33264.000000, 58032.000000, 50686.000000, 17356.000000, 
288750.000000, 64813.000000, 75538.000000, 39508.000000, 36494.000000, 45389.000000, 23882.000000, 3126.000000, 
0.840000, 0.810000, 1.000000, 0.850000, 1.000000, 0.780000, 0.470000, 0.180000, 
262689.000000, 16159.000000, 40851.000000, 46341.000000, 33264.000000, 58032.000000, 50686.000000, 17356.000000, 
162308.000000, 14871.000000, 29390.000000, 31256.000000, 29564.000000, 35984.000000, 18620.000000, 2623.000000, 
0.620000, 0.920000, 0.720000, 0.670000, 0.890000, 0.620000, 0.370000, 0.150000, 
11366.000000, 185.000000, 7125.000000, 4056.000000, 

2573730.000000, 156439.000000, 309935.000000, 392819.000000, 508202.000000, 552531.000000, 422481.000000, 231323.000000, 
2679739.000000, 647333.000000, 395449.000000, 349654.000000, 228972.000000, 495886.000000, 371427.000000, 191018.000000, 
2646541.000000, 501558.000000, 664457.000000, 381837.000000, 364938.000000, 386964.000000, 254884.000000, 91903.000000, 
0.990000, 0.770000, 1.000000, 1.000000, 1.000000, 0.780000, 0.690000, 0.480000, 
2074155.000000, 142908.000000, 294290.000000, 349654.000000, 228972.000000, 495886.000000, 371427.000000, 191018.000000, 
1456897.000000, 120688.000000, 230522.000000, 258741.000000, 282902.000000, 298216.000000, 195562.000000, 70266.000000, 
0.700000, 0.840000, 0.780000, 0.740000, 1.000000, 0.600000, 0.530000, 0.370000, 
27108.000000, 441.000000, 17432.000000, 9235.000000, 

1328341.000000, 73660.000000, 156426.000000, 226239.000000, 293008.000000, 301884.000000, 211320.000000, 65804.000000, 
1229085.000000, 111431.000000, 141838.000000, 207996.000000, 261124.000000, 268461.000000, 185327.000000, 52908.000000, 
1067954.000000, 254276.000000, 300434.000000, 165236.000000, 126946.000000, 136512.000000, 74445.000000, 10105.000000, 
0.870000, 1.000000, 1.000000, 0.790000, 0.490000, 0.510000, 0.400000, 0.190000, 
1177566.000000, 59912.000000, 141838.000000, 207996.000000, 261124.000000, 268461.000000, 185327.000000, 52908.000000, 
669685.000000, 57244.000000, 126326.000000, 152510.000000, 122676.000000, 131097.000000, 70324.000000, 9508.000000, 
0.570000, 0.960000, 0.890000, 0.730000, 0.470000, 0.490000, 0.380000, 0.180000, 
104370.000000, 506.000000, 86920.000000, 16944.000000, 

56855.000000, 3774.000000, 8448.000000, 10336.000000, 12193.000000, 11606.000000, 7959.000000, 2539.000000, 
44687.000000, 7801.000000, 9858.000000, 6138.000000, 7618.000000, 7296.000000, 4858.000000, 1118.000000, 
27637.000000, 6743.000000, 9403.000000, 3936.000000, 2609.000000, 3170.000000, 1636.000000, 140.000000, 
0.620000, 0.860000, 0.950000, 0.640000, 0.340000, 0.430000, 0.340000, 0.130000, 
37517.000000, 2786.000000, 7703.000000, 6138.000000, 7618.000000, 7296.000000, 4858.000000, 1118.000000, 
15757.000000, 1939.000000, 4155.000000, 3288.000000, 2309.000000, 2603.000000, 1347.000000, 116.000000, 
0.420000, 0.700000, 0.540000, 0.540000, 0.300000, 0.360000, 0.280000, 0.100000, 
1736.000000, 16.000000, 938.000000, 782.000000, 

1500932.000000, 78656.000000, 174080.000000, 234735.000000, 314687.000000, 340704.000000, 250469.000000, 107601.000000, 
1802968.000000, 260660.000000, 388981.000000, 218510.000000, 293514.000000, 317652.000000, 230165.000000, 93486.000000, 
944424.000000, 211515.000000, 250784.000000, 144428.000000, 112942.000000, 128157.000000, 83025.000000, 13573.000000, 
0.520000, 0.810000, 0.640000, 0.660000, 0.380000, 0.400000, 0.360000, 0.150000, 
1380632.000000, 58183.000000, 169122.000000, 218510.000000, 293514.000000, 317652.000000, 230165.000000, 93486.000000, 
577722.000000, 51319.000000, 116325.000000, 123145.000000, 97710.000000, 109357.000000, 68593.000000, 11273.000000, 
0.420000, 0.880000, 0.690000, 0.560000, 0.330000, 0.340000, 0.300000, 0.120000, 
104188.000000, 1246.000000, 68986.000000, 33956.000000, 

631542.000000, 37790.000000, 77106.000000, 104904.000000, 139550.000000, 146794.000000, 98808.000000, 26590.000000, 
484022.000000, 105394.000000, 97084.000000, 91045.000000, 62259.000000, 77805.000000, 42807.000000, 7628.000000, 
406703.000000, 108122.000000, 121728.000000, 57098.000000, 44421.000000, 50584.000000, 23043.000000, 1707.000000, 
0.840000, 1.000000, 1.000000, 0.630000, 0.710000, 0.650000, 0.540000, 0.220000, 
380482.000000, 27024.000000, 71914.000000, 91045.000000, 62259.000000, 77805.000000, 42807.000000, 7628.000000, 
228791.000000, 24895.000000, 50740.000000, 48229.000000, 39631.000000, 43900.000000, 19943.000000, 1453.000000, 
0.600000, 0.920000, 0.710000, 0.530000, 0.640000, 0.560000, 0.470000, 0.190000, 
8552.000000, 92.000000, 6009.000000, 2451.000000, 

487235.000000, 27275.000000, 56850.000000, 75279.000000, 101755.000000, 107070.000000, 78757.000000, 40249.000000, 
554083.000000, 77762.000000, 123823.000000, 65587.000000, 90254.000000, 95087.000000, 68790.000000, 32780.000000, 
290654.000000, 73617.000000, 87089.000000, 38304.000000, 31676.000000, 35163.000000, 20609.000000, 4196.000000, 
0.520000, 0.950000, 0.700000, 0.580000, 0.350000, 0.370000, 0.300000, 0.130000, 
426273.000000, 19939.000000, 53836.000000, 65587.000000, 90254.000000, 95087.000000, 68790.000000, 32780.000000, 
176571.000000, 18315.000000, 39345.000000, 34889.000000, 29460.000000, 32201.000000, 18527.000000, 3834.000000, 
0.410000, 0.920000, 0.730000, 0.530000, 0.330000, 0.340000, 0.270000, 0.120000, 
8258.000000, 176.000000, 5282.000000, 2800.000000, 

1318852.000000, 71167.000000, 147737.000000, 207769.000000, 271252.000000, 296636.000000, 218465.000000, 105826.000000, 
1303923.000000, 207952.000000, 281185.000000, 154998.000000, 202504.000000, 221701.000000, 161956.000000, 73627.000000, 
1085494.000000, 265985.000000, 292804.000000, 138865.000000, 128891.000000, 139624.000000, 93698.000000, 25627.000000, 
0.830000, 1.000000, 1.000000, 0.900000, 0.640000, 0.630000, 0.580000, 0.350000, 
1006629.000000, 53315.000000, 138528.000000, 154998.000000, 202504.000000, 221701.000000, 161956.000000, 73627.000000, 
660096.000000, 50110.000000, 115104.000000, 124874.000000, 125438.000000, 134836.000000, 86774.000000, 22960.000000, 
0.660000, 0.940000, 0.830000, 0.810000, 0.620000, 0.610000, 0.540000, 0.310000, 
105163.000000, 5406.000000, 73665.000000, 26092.000000, 

573688.000000, 21930.000000, 56158.000000, 85088.000000, 111048.000000, 134507.000000, 115269.000000, 49688.000000, 
619481.000000, 71006.000000, 116800.000000, 72836.000000, 96628.000000, 119047.000000, 101543.000000, 41621.000000, 
16065979.000000, 414815.000000, 2417927.000000, 2946428.000000, 3111885.000000, 3371419.000000, 2723160.000000, 1080345.000000, 
1.000000, 1.000000, 1.000000, 1.000000, 1.000000, 1.000000, 1.000000, 1.000000, 
502327.000000, 17074.000000, 53578.000000, 72836.000000, 96628.000000, 119047.000000, 101543.000000, 41621.000000, 
414538.000000, 11925.000000, 38650.000000, 66836.000000, 85754.000000, 98766.000000, 80463.000000, 32144.000000, 
0.830000, 0.700000, 0.720000, 0.920000, 0.890000, 0.830000, 0.790000, 0.770000, 
252906.000000, 719.000000, 54878.000000, 197309.000000, 

129864.000000, 6385.000000, 14347.000000, 19163.000000, 26507.000000, 30269.000000, 22936.000000, 10257.000000, 
134439.000000, 16801.000000, 23466.000000, 16660.000000, 23282.000000, 26859.000000, 19891.000000, 7480.000000, 
102860.000000, 17641.000000, 25643.000000, 14146.000000, 14707.000000, 16827.000000, 10906.000000, 2990.000000, 
0.770000, 1.000000, 1.000000, 0.850000, 0.630000, 0.630000, 0.550000, 0.400000, 
112643.000000, 4828.000000, 13643.000000, 16660.000000, 23282.000000, 26859.000000, 19891.000000, 7480.000000, 
69893.000000, 4225.000000, 10200.000000, 12449.000000, 14197.000000, 15977.000000, 10202.000000, 2643.000000, 
0.620000, 0.880000, 0.750000, 0.750000, 0.610000, 0.590000, 0.510000, 0.350000, 
12016.000000, 222.000000, 6168.000000, 5626.000000, 

768039.000000, 38981.000000, 91457.000000, 123837.000000, 168217.000000, 174009.000000, 125141.000000, 46397.000000, 
612376.000000, 120582.000000, 121715.000000, 114439.000000, 79008.000000, 98765.000000, 58718.000000, 19149.000000, 
475247.000000, 113237.000000, 145619.000000, 64100.000000, 54991.000000, 61083.000000, 32492.000000, 3725.000000, 
0.780000, 0.940000, 1.000000, 0.560000, 0.700000, 0.620000, 0.550000, 0.190000, 
490178.000000, 31900.000000, 88199.000000, 114439.000000, 79008.000000, 98765.000000, 58718.000000, 19149.000000, 
294768.000000, 29050.000000, 61129.000000, 59901.000000, 52864.000000, 57789.000000, 30498.000000, 3537.000000, 
0.600000, 0.910000, 0.690000, 0.520000, 0.670000, 0.590000, 0.520000, 0.180000, 
7028.000000, 68.000000, 5048.000000, 1912.000000, 

94628.000000, 5973.000000, 11911.000000, 16307.000000, 21080.000000, 21435.000000, 13952.000000, 3970.000000, 
103218.000000, 19795.000000, 19677.000000, 13699.000000, 17987.000000, 18338.000000, 11582.000000, 2140.000000, 
45296.000000, 13048.000000, 15540.000000, 6568.000000, 3647.000000, 4069.000000, 2202.000000, 222.000000, 
0.440000, 0.660000, 0.790000, 0.480000, 0.200000, 0.220000, 0.190000, 0.100000, 
79639.000000, 4713.000000, 11180.000000, 13699.000000, 17987.000000, 18338.000000, 11582.000000, 2140.000000, 
26306.000000, 3755.000000, 6887.000000, 5987.000000, 3516.000000, 3884.000000, 2066.000000, 211.000000, 
0.330000, 0.800000, 0.620000, 0.440000, 0.200000, 0.210000, 0.180000, 0.100000, 
879.000000, 2.000000, 877.000000, 0.000000, 

868503.000000, 52916.000000, 105088.000000, 140033.000000, 186144.000000, 190643.000000, 133926.000000, 59753.000000, 
1105049.000000, 169497.000000, 252735.000000, 134403.000000, 178870.000000, 183300.000000, 128695.000000, 57549.000000, 
783229.000000, 172227.000000, 209838.000000, 110024.000000, 107853.000000, 107248.000000, 58550.000000, 17489.000000, 
0.710000, 1.000000, 0.830000, 0.820000, 0.600000, 0.590000, 0.450000, 0.300000, 
825030.000000, 39055.000000, 103158.000000, 134403.000000, 178870.000000, 183300.000000, 128695.000000, 57549.000000, 
454541.000000, 35593.000000, 82873.000000, 92356.000000, 90235.000000, 91177.000000, 49314.000000, 12993.000000, 
0.550000, 0.910000, 0.800000, 0.690000, 0.500000, 0.500000, 0.380000, 0.230000, 
16383.000000, 0.000000, 7187.000000, 9196.000000, 

3932612.000000, 258599.000000, 487169.000000, 642460.000000, 868172.000000, 911863.000000, 585305.000000, 179044.000000, 
4376000.000000, 925561.000000, 967432.000000, 522945.000000, 694067.000000, 728735.000000, 451894.000000, 85366.000000, 
3723677.000000, 915412.000000, 950177.000000, 502176.000000, 515166.000000, 552619.000000, 270252.000000, 17875.000000, 
0.850000, 0.990000, 0.980000, 0.960000, 0.740000, 0.760000, 0.600000, 0.210000, 
3172244.000000, 249483.000000, 439754.000000, 522945.000000, 694067.000000, 728735.000000, 451894.000000, 85366.000000, 
2215518.000000, 232875.000000, 373590.000000, 410582.000000, 458873.000000, 485547.000000, 237968.000000, 16083.000000, 
0.700000, 0.930000, 0.850000, 0.790000, 0.660000, 0.670000, 0.530000, 0.190000, 
316908.000000, 5021.000000, 230124.000000, 81763.000000, 

264511.000000, 19473.000000, 36699.000000, 45842.000000, 59216.000000, 58745.000000, 36435.000000, 8101.000000, 
269528.000000, 78494.000000, 54916.000000, 35010.000000, 23102.000000, 46189.000000, 27865.000000, 3952.000000, 
192854.000000, 61312.000000, 60010.000000, 23837.000000, 17450.000000, 19756.000000, 9985.000000, 504.000000, 
0.720000, 0.780000, 1.000000, 0.680000, 0.760000, 0.430000, 0.360000, 0.130000, 
185351.000000, 16151.000000, 33082.000000, 35010.000000, 23102.000000, 46189.000000, 27865.000000, 3952.000000, 
104724.000000, 15003.000000, 25211.000000, 21094.000000, 16143.000000, 17902.000000, 8903.000000, 468.000000, 
0.570000, 0.930000, 0.760000, 0.600000, 0.700000, 0.390000, 0.320000, 0.120000, 
8860.000000, 1695.000000, 5583.000000, 1582.000000, 

80186.000000, 3483.000000, 8003.000000, 12080.000000, 16313.000000, 19210.000000, 14690.000000, 6407.000000, 
95365.000000, 10976.000000, 18811.000000, 11502.000000, 15569.000000, 18517.000000, 14007.000000, 5983.000000, 
73121.000000, 12658.000000, 20445.000000, 10231.000000, 10183.000000, 11397.000000, 6893.000000, 1314.000000, 
0.770000, 1.000000, 1.000000, 0.890000, 0.650000, 0.620000, 0.490000, 0.220000, 
75981.000000, 2569.000000, 7834.000000, 11502.000000, 15569.000000, 18517.000000, 14007.000000, 5983.000000, 
40286.000000, 2404.000000, 6419.000000, 7591.000000, 8133.000000, 9177.000000, 5555.000000, 1007.000000, 
0.530000, 0.940000, 0.820000, 0.660000, 0.520000, 0.500000, 0.400000, 0.170000, 
5959.000000, 36.000000, 5006.000000, 917.000000, 

740953.000000, 44358.000000, 87747.000000, 122351.000000, 163693.000000, 168734.000000, 114721.000000, 39349.000000, 
839951.000000, 147590.000000, 181634.000000, 103286.000000, 139989.000000, 144171.000000, 97662.000000, 25619.000000, 
541658.000000, 108632.000000, 164018.000000, 87638.000000, 65962.000000, 71741.000000, 39632.000000, 4035.000000, 
0.640000, 0.740000, 0.900000, 0.850000, 0.470000, 0.500000, 0.410000, 0.160000, 
626489.000000, 32439.000000, 83323.000000, 103286.000000, 139989.000000, 144171.000000, 97662.000000, 25619.000000, 
343327.000000, 26602.000000, 68224.000000, 79197.000000, 62967.000000, 67238.000000, 35644.000000, 3455.000000, 
0.550000, 0.820000, 0.820000, 0.770000, 0.450000, 0.470000, 0.360000, 0.130000, 
53210.000000, 725.000000, 31652.000000, 20833.000000, 

898253.000000, 47067.000000, 99000.000000, 143299.000000, 193186.000000, 204476.000000, 147343.000000, 63882.000000, 
677591.000000, 122573.000000, 134070.000000, 130518.000000, 88137.000000, 111035.000000, 66857.000000, 24401.000000, 
602884.000000, 123319.000000, 178749.000000, 88864.000000, 76040.000000, 84163.000000, 43469.000000, 8280.000000, 
0.890000, 1.000000, 1.000000, 0.680000, 0.860000, 0.760000, 0.650000, 0.340000, 
555016.000000, 38304.000000, 95764.000000, 130518.000000, 88137.000000, 111035.000000, 66857.000000, 24401.000000, 
391860.000000, 34734.000000, 76774.000000, 82328.000000, 72249.000000, 79258.000000, 40070.000000, 6447.000000, 
0.710000, 0.910000, 0.800000, 0.630000, 0.820000, 0.710000, 0.600000, 0.260000, 
17124.000000, 229.000000, 11470.000000, 5425.000000, 

248587.000000, 13527.000000, 28385.000000, 39529.000000, 51953.000000, 57830.000000, 43430.000000, 13933.000000, 
245910.000000, 41774.000000, 48503.000000, 34339.000000, 22817.000000, 50866.000000, 37780.000000, 9831.000000, 
255024.000000, 50100.000000, 54026.000000, 46660.000000, 38781.000000, 41214.000000, 23383.000000, 860.000000, 
1.000000, 1.000000, 1.000000, 1.000000, 1.000000, 0.810000, 0.620000, 0.090000, 
191621.000000, 9042.000000, 26946.000000, 34339.000000, 22817.000000, 50866.000000, 37780.000000, 9831.000000, 
108076.000000, 8682.000000, 22517.000000, 23530.000000, 19224.000000, 21138.000000, 12365.000000, 620.000000, 
0.560000, 0.960000, 0.840000, 0.690000, 0.840000, 0.420000, 0.330000, 0.060000, 
13179.000000, 814.000000, 9073.000000, 3292.000000, 

599290.000000, 34536.000000, 69352.000000, 98145.000000, 129610.000000, 135518.000000, 95391.000000, 36738.000000, 
464865.000000, 80672.000000, 117527.000000, 85357.000000, 56875.000000, 70983.000000, 40630.000000, 12821.000000, 
489080.000000, 112577.000000, 145876.000000, 68675.000000, 59695.000000, 63038.000000, 33314.000000, 5905.000000, 
1.000000, 1.000000, 1.000000, 0.800000, 1.000000, 0.890000, 0.820000, 0.460000, 
357903.000000, 25210.000000, 66027.000000, 85357.000000, 56875.000000, 70983.000000, 40630.000000, 12821.000000, 
270516.000000, 23805.000000, 53415.000000, 55320.000000, 51362.000000, 53390.000000, 28205.000000, 5019.000000, 
0.760000, 0.940000, 0.810000, 0.650000, 0.900000, 0.750000, 0.690000, 0.390000, 
55685.000000, 1131.000000, 37040.000000, 17514.000000, 

60062.000000, 3477.000000, 7478.000000, 10254.000000, 13417.000000, 13178.000000, 9027.000000, 3231.000000, 
58148.000000, 11869.000000, 12353.000000, 8235.000000, 5473.000000, 10742.000000, 7325.000000, 2151.000000, 
34514.000000, 10930.000000, 11155.000000, 4469.000000, 2650.000000, 3459.000000, 1691.000000, 160.000000, 
0.590000, 0.920000, 0.900000, 0.540000, 0.480000, 0.320000, 0.230000, 0.070000, 
43934.000000, 2826.000000, 7182.000000, 8235.000000, 5473.000000, 10742.000000, 7325.000000, 2151.000000, 
18679.000000, 2642.000000, 4786.000000, 3928.000000, 2493.000000, 3136.000000, 1543.000000, 151.000000, 
0.430000, 0.930000, 0.670000, 0.480000, 0.460000, 0.290000, 0.210000, 0.070000, 
1639.000000, 8.000000, 930.000000, 701.000000, 

