459844.000000, 36285.000000, 68421.000000, 81036.000000, 88678.000000, 95571.000000, 61486.000000, 28367.000000, 
544416.000000, 136069.000000, 114947.000000, 68070.000000, 74490.000000, 80280.000000, 50419.000000, 20141.000000, 
292874.000000, 119183.000000, 69062.000000, 38539.000000, 26872.000000, 28122.000000, 10697.000000, 399.000000, 
0.540000, 0.880000, 0.600000, 0.570000, 0.360000, 0.350000, 0.210000, 0.020000, 
398106.000000, 36285.000000, 68421.000000, 68070.000000, 74490.000000, 80280.000000, 50419.000000, 20141.000000, 
189336.000000, 44104.000000, 45796.000000, 36763.000000, 25540.000000, 26602.000000, 10144.000000, 387.000000, 
0.480000, 1.000000, 0.670000, 0.540000, 0.340000, 0.330000, 0.200000, 0.020000, 
23414.000000, 2722.000000, 13261.000000, 7431.000000, 

83976.000000, 5643.000000, 11122.000000, 13560.000000, 16396.000000, 20036.000000, 13371.000000, 3848.000000, 
64319.000000, 14108.000000, 17128.000000, 10577.000000, 6558.000000, 9617.000000, 5215.000000, 1116.000000, 
39968.000000, 15635.000000, 11003.000000, 5468.000000, 2628.000000, 3294.000000, 1762.000000, 178.000000, 
0.620000, 1.000000, 0.640000, 0.520000, 0.400000, 0.340000, 0.340000, 0.160000, 
49848.000000, 5643.000000, 11122.000000, 10577.000000, 6558.000000, 9617.000000, 5215.000000, 1116.000000, 
22394.000000, 4468.000000, 5876.000000, 4743.000000, 2475.000000, 3046.000000, 1625.000000, 161.000000, 
0.450000, 0.790000, 0.530000, 0.450000, 0.380000, 0.320000, 0.310000, 0.140000, 
10.000000, 1.000000, 3.000000, 6.000000, 

490898.000000, 48046.000000, 78394.000000, 86517.000000, 91453.000000, 94686.000000, 60496.000000, 31306.000000, 
440183.000000, 132607.000000, 125430.000000, 68348.000000, 36581.000000, 44502.000000, 22384.000000, 10331.000000, 
394556.000000, 155763.000000, 125868.000000, 43948.000000, 24818.000000, 27334.000000, 12944.000000, 3881.000000, 
0.900000, 1.000000, 1.000000, 0.640000, 0.680000, 0.610000, 0.580000, 0.380000, 
308586.000000, 48046.000000, 78394.000000, 68348.000000, 36581.000000, 44502.000000, 22384.000000, 10331.000000, 
186478.000000, 42854.000000, 51825.000000, 34748.000000, 20587.000000, 22527.000000, 10544.000000, 3393.000000, 
0.600000, 0.890000, 0.660000, 0.510000, 0.560000, 0.510000, 0.470000, 0.330000, 
16043.000000, 1046.000000, 10048.000000, 4949.000000, 

316411.000000, 44987.000000, 38229.000000, 50519.000000, 54465.000000, 59562.000000, 46443.000000, 22206.000000, 
384884.000000, 183698.000000, 47795.000000, 27801.000000, 22351.000000, 48271.000000, 36134.000000, 18834.000000, 
96186.000000, 58394.000000, 13027.000000, 12628.000000, 4294.000000, 5797.000000, 1978.000000, 68.000000, 
0.250000, 0.320000, 0.270000, 0.450000, 0.190000, 0.120000, 0.050000, 0.000000, 
236607.000000, 44987.000000, 38229.000000, 27801.000000, 22351.000000, 48271.000000, 36134.000000, 18834.000000, 
60380.000000, 22884.000000, 12731.000000, 12628.000000, 4294.000000, 5797.000000, 1978.000000, 68.000000, 
0.260000, 0.510000, 0.330000, 0.450000, 0.190000, 0.120000, 0.050000, 0.000000, 
686.000000, 103.000000, 344.000000, 239.000000, 

3401740.000000, 226263.000000, 473802.000000, 573805.000000, 704765.000000, 757715.000000, 467472.000000, 197918.000000, 
3629371.000000, 785904.000000, 814939.000000, 498556.000000, 307683.000000, 667746.000000, 401054.000000, 153489.000000, 
1603680.000000, 308309.000000, 620552.000000, 282392.000000, 154921.000000, 161439.000000, 66787.000000, 9280.000000, 
0.440000, 0.390000, 0.760000, 0.570000, 0.500000, 0.240000, 0.170000, 0.060000, 
2728593.000000, 226263.000000, 473802.000000, 498556.000000, 307683.000000, 667746.000000, 401054.000000, 153489.000000, 
1017538.000000, 166382.000000, 307145.000000, 220909.000000, 128397.000000, 133073.000000, 55000.000000, 6632.000000, 
0.370000, 0.740000, 0.650000, 0.440000, 0.420000, 0.200000, 0.140000, 0.040000, 
164737.000000, 1951.000000, 105868.000000, 56918.000000, 

257877.000000, 27375.000000, 47156.000000, 47309.000000, 47102.000000, 48148.000000, 29978.000000, 10809.000000, 
276790.000000, 82125.000000, 72620.000000, 36428.000000, 18370.000000, 38037.000000, 22184.000000, 7026.000000, 
173879.000000, 70571.000000, 53950.000000, 20244.000000, 10463.000000, 11959.000000, 5524.000000, 1168.000000, 
0.630000, 0.860000, 0.740000, 0.560000, 0.570000, 0.310000, 0.250000, 0.170000, 
196576.000000, 27375.000000, 47156.000000, 36428.000000, 18370.000000, 38037.000000, 22184.000000, 7026.000000, 
105068.000000, 29682.000000, 31270.000000, 17848.000000, 9628.000000, 10730.000000, 4859.000000, 1051.000000, 
0.530000, 1.000000, 0.660000, 0.490000, 0.520000, 0.280000, 0.220000, 0.150000, 
4272.000000, 106.000000, 3268.000000, 898.000000, 

259558.000000, 15163.000000, 31177.000000, 42361.000000, 52433.000000, 63101.000000, 40526.000000, 14797.000000, 
255939.000000, 46399.000000, 53625.000000, 36430.000000, 35130.000000, 43540.000000, 31611.000000, 9204.000000, 
182890.000000, 40152.000000, 55063.000000, 26907.000000, 18117.000000, 25055.000000, 14613.000000, 2983.000000, 
0.710000, 0.870000, 1.000000, 0.740000, 0.520000, 0.580000, 0.460000, 0.320000, 
202255.000000, 15163.000000, 31177.000000, 36430.000000, 35130.000000, 43540.000000, 31611.000000, 9204.000000, 
113198.000000, 12155.000000, 23599.000000, 23919.000000, 17131.000000, 23338.000000, 10541.000000, 2515.000000, 
0.560000, 0.800000, 0.760000, 0.660000, 0.490000, 0.540000, 0.330000, 0.270000, 
35382.000000, 2732.000000, 18757.000000, 13893.000000, 

72630.000000, 5319.000000, 10391.000000, 12536.000000, 14119.000000, 16092.000000, 10307.000000, 3866.000000, 
49886.000000, 14042.000000, 12469.000000, 6769.000000, 5648.000000, 7724.000000, 1958.000000, 1276.000000, 
42509.000000, 8294.000000, 14367.000000, 5144.000000, 4245.000000, 6057.000000, 3790.000000, 612.000000, 
0.850000, 0.590000, 1.000000, 0.760000, 0.750000, 0.780000, 1.000000, 0.480000, 
39085.000000, 5319.000000, 10391.000000, 6769.000000, 5648.000000, 7724.000000, 1958.000000, 1276.000000, 
24748.000000, 2984.000000, 7132.000000, 4645.000000, 3440.000000, 3957.000000, 2080.000000, 510.000000, 
0.630000, 0.560000, 0.690000, 0.690000, 0.610000, 0.510000, 1.000000, 0.400000, 
1249.000000, 0.000000, 786.000000, 463.000000, 

85160.000000, 6078.000000, 9882.000000, 13831.000000, 18027.000000, 19745.000000, 12103.000000, 5494.000000, 
66198.000000, 13464.000000, 12545.000000, 9068.000000, 6048.000000, 13268.000000, 8322.000000, 3483.000000, 
51134.000000, 8997.000000, 9871.000000, 8466.000000, 8576.000000, 9223.000000, 4833.000000, 1168.000000, 
0.770000, 0.670000, 0.790000, 0.930000, 1.000000, 0.700000, 0.580000, 0.340000, 
56149.000000, 6078.000000, 9882.000000, 9068.000000, 6048.000000, 13268.000000, 8322.000000, 3483.000000, 
35108.000000, 3428.000000, 5176.000000, 6962.000000, 7222.000000, 7614.000000, 3839.000000, 867.000000, 
0.630000, 0.560000, 0.520000, 0.770000, 1.000000, 0.570000, 0.460000, 0.250000, 
5454.000000, 205.000000, 2102.000000, 3147.000000, 

1475561.000000, 144041.000000, 222181.000000, 257678.000000, 286644.000000, 327148.000000, 191398.000000, 46471.000000, 
1580786.000000, 467613.000000, 358914.000000, 210991.000000, 111263.000000, 253610.000000, 146059.000000, 32336.000000, 
1009549.000000, 315162.000000, 317541.000000, 159499.000000, 80974.000000, 96194.000000, 35500.000000, 4679.000000, 
0.640000, 0.670000, 0.880000, 0.760000, 0.730000, 0.380000, 0.240000, 0.140000, 
1120391.000000, 144041.000000, 222091.000000, 210991.000000, 111263.000000, 253610.000000, 146059.000000, 32336.000000, 
591825.000000, 117343.000000, 154496.000000, 130734.000000, 71354.000000, 83064.000000, 31023.000000, 3811.000000, 
0.530000, 0.810000, 0.700000, 0.620000, 0.640000, 0.330000, 0.210000, 0.120000, 
70468.000000, 2521.000000, 39690.000000, 28257.000000, 

1174535.000000, 93512.000000, 188537.000000, 207829.000000, 232443.000000, 255623.000000, 152131.000000, 44460.000000, 
975981.000000, 275625.000000, 271650.000000, 159408.000000, 85668.000000, 114497.000000, 55883.000000, 13250.000000, 
486521.000000, 168527.000000, 197984.000000, 57468.000000, 24465.000000, 26466.000000, 10276.000000, 1335.000000, 
0.500000, 0.610000, 0.730000, 0.360000, 0.290000, 0.230000, 0.180000, 0.100000, 
710755.000000, 93512.000000, 188537.000000, 159408.000000, 85668.000000, 114497.000000, 55883.000000, 13250.000000, 
273898.000000, 65163.000000, 93115.000000, 54208.000000, 23966.000000, 25989.000000, 10142.000000, 1315.000000, 
0.390000, 0.700000, 0.490000, 0.340000, 0.280000, 0.230000, 0.180000, 0.100000, 
14444.000000, 1820.000000, 9549.000000, 3075.000000, 

107259.000000, 6959.000000, 13748.000000, 17777.000000, 21830.000000, 24639.000000, 15884.000000, 6422.000000, 
66318.000000, 12524.000000, 17048.000000, 11556.000000, 7641.000000, 10349.000000, 5401.000000, 1799.000000, 
63847.000000, 15526.000000, 19217.000000, 9750.000000, 5832.000000, 8468.000000, 4266.000000, 788.000000, 
0.960000, 1.000000, 1.000000, 0.840000, 0.760000, 0.820000, 0.790000, 0.440000, 
57452.000000, 6958.000000, 13748.000000, 11556.000000, 7641.000000, 10349.000000, 5401.000000, 1799.000000, 
40392.000000, 5617.000000, 8770.000000, 8598.000000, 5360.000000, 7616.000000, 3773.000000, 658.000000, 
0.700000, 0.810000, 0.640000, 0.740000, 0.700000, 0.740000, 0.700000, 0.370000, 
4281.000000, 372.000000, 3181.000000, 728.000000, 

133479.000000, 9470.000000, 20621.000000, 25250.000000, 27007.000000, 28060.000000, 17257.000000, 5814.000000, 
121633.000000, 32482.000000, 34231.000000, 20958.000000, 11343.000000, 14030.000000, 6903.000000, 1686.000000, 
18958.000000, 8201.000000, 5685.000000, 2168.000000, 1044.000000, 1280.000000, 539.000000, 41.000000, 
0.160000, 0.250000, 0.170000, 0.100000, 0.090000, 0.090000, 0.080000, 0.020000, 
85011.000000, 9470.000000, 20621.000000, 20958.000000, 11343.000000, 14030.000000, 6903.000000, 1686.000000, 
13772.000000, 4278.000000, 4591.000000, 2090.000000, 1017.000000, 1245.000000, 511.000000, 40.000000, 
0.160000, 0.450000, 0.220000, 0.100000, 0.090000, 0.090000, 0.070000, 0.020000, 
115.000000, 2.000000, 71.000000, 42.000000, 

1133694.000000, 77852.000000, 163729.000000, 199260.000000, 237093.000000, 249481.000000, 152740.000000, 53539.000000, 
975993.000000, 242815.000000, 284741.000000, 171337.000000, 104292.000000, 87248.000000, 66821.000000, 18739.000000, 
935874.000000, 272172.000000, 271117.000000, 156181.000000, 66918.000000, 103027.000000, 51058.000000, 15401.000000, 
0.960000, 1.000000, 0.950000, 0.910000, 0.640000, 1.000000, 0.760000, 0.820000, 
690018.000000, 77852.000000, 163729.000000, 171337.000000, 104292.000000, 87248.000000, 66821.000000, 18739.000000, 
483235.000000, 72405.000000, 112529.000000, 103822.000000, 54719.000000, 84644.000000, 39715.000000, 15401.000000, 
0.700000, 0.930000, 0.690000, 0.610000, 0.520000, 0.970000, 0.590000, 0.820000, 
126040.000000, 3905.000000, 60897.000000, 61238.000000, 

549454.000000, 36562.000000, 79910.000000, 98881.000000, 113553.000000, 120925.000000, 72927.000000, 26696.000000, 
484743.000000, 125408.000000, 132651.000000, 81082.000000, 47692.000000, 60463.000000, 29171.000000, 8276.000000, 
333418.000000, 85409.000000, 133107.000000, 43561.000000, 26052.000000, 29198.000000, 13670.000000, 2421.000000, 
0.690000, 0.680000, 1.000000, 0.540000, 0.550000, 0.480000, 0.470000, 0.290000, 
343156.000000, 36562.000000, 79910.000000, 81082.000000, 47692.000000, 60463.000000, 29171.000000, 8276.000000, 
176479.000000, 26854.000000, 53097.000000, 35988.000000, 22143.000000, 24533.000000, 11686.000000, 2178.000000, 
0.510000, 0.730000, 0.660000, 0.440000, 0.460000, 0.410000, 0.400000, 0.260000, 
17180.000000, 149.000000, 9458.000000, 7573.000000, 

72052.000000, 6050.000000, 12072.000000, 13218.000000, 13861.000000, 14448.000000, 8403.000000, 4000.000000, 
53101.000000, 14883.000000, 15452.000000, 8724.000000, 4574.000000, 5779.000000, 2689.000000, 1000.000000, 
99055.000000, 35646.000000, 41195.000000, 14871.000000, 3353.000000, 3265.000000, 692.000000, 33.000000, 
1.000000, 1.000000, 1.000000, 1.000000, 0.730000, 0.560000, 0.260000, 0.030000, 
40888.000000, 6050.000000, 12072.000000, 8724.000000, 4574.000000, 5779.000000, 2689.000000, 1000.000000, 
19886.000000, 4498.000000, 7215.000000, 4824.000000, 1520.000000, 1490.000000, 325.000000, 14.000000, 
0.490000, 0.740000, 0.600000, 0.550000, 0.330000, 0.260000, 0.120000, 0.010000, 
1620.000000, 52.000000, 1024.000000, 544.000000, 

190069.000000, 16484.000000, 30297.000000, 35469.000000, 35672.000000, 37157.000000, 25401.000000, 9589.000000, 
189005.000000, 48201.000000, 47046.000000, 27236.000000, 13477.000000, 28483.000000, 18737.000000, 5825.000000, 
147852.000000, 32571.000000, 50184.000000, 20517.000000, 12625.000000, 12403.000000, 11444.000000, 8108.000000, 
0.780000, 0.680000, 1.000000, 0.750000, 0.940000, 0.440000, 0.610000, 1.000000, 
140539.000000, 16484.000000, 30297.000000, 27236.000000, 13477.000000, 28483.000000, 18737.000000, 5825.000000, 
79267.000000, 13483.000000, 18397.000000, 16490.000000, 10073.000000, 10187.000000, 7398.000000, 3239.000000, 
0.560000, 0.820000, 0.610000, 0.610000, 0.750000, 0.360000, 0.390000, 0.560000, 
12050.000000, 241.000000, 6864.000000, 4945.000000, 

391167.000000, 22159.000000, 51630.000000, 64621.000000, 77974.000000, 92372.000000, 62468.000000, 19943.000000, 
365179.000000, 75976.000000, 63202.000000, 53149.000000, 32064.000000, 77592.000000, 50987.000000, 12209.000000, 
250280.000000, 64211.000000, 82696.000000, 38081.000000, 15378.000000, 36501.000000, 12494.000000, 919.000000, 
0.690000, 0.850000, 1.000000, 0.720000, 0.480000, 0.470000, 0.250000, 0.080000, 
299790.000000, 22159.000000, 51630.000000, 53149.000000, 32064.000000, 77592.000000, 50987.000000, 12209.000000, 
137419.000000, 19378.000000, 32761.000000, 30691.000000, 13338.000000, 29933.000000, 10513.000000, 805.000000, 
0.460000, 0.870000, 0.630000, 0.580000, 0.420000, 0.390000, 0.210000, 0.070000, 
15624.000000, 421.000000, 9985.000000, 5218.000000, 

637653.000000, 42510.000000, 84385.000000, 106208.000000, 127201.000000, 147244.000000, 99817.000000, 30288.000000, 
568405.000000, 132595.000000, 151873.000000, 94513.000000, 57225.000000, 78014.000000, 43891.000000, 10294.000000, 
431616.000000, 126795.000000, 139061.000000, 65228.000000, 35531.000000, 41411.000000, 21697.000000, 1893.000000, 
0.760000, 0.960000, 0.920000, 0.690000, 0.620000, 0.530000, 0.490000, 0.180000, 
410832.000000, 42510.000000, 84385.000000, 94513.000000, 57225.000000, 78014.000000, 43891.000000, 10294.000000, 
227959.000000, 36875.000000, 56518.000000, 49288.000000, 30581.000000, 34779.000000, 18178.000000, 1740.000000, 
0.550000, 0.870000, 0.670000, 0.520000, 0.530000, 0.450000, 0.410000, 0.170000, 
31470.000000, 525.000000, 18861.000000, 12084.000000, 

120844.000000, 5158.000000, 12970.000000, 17650.000000, 22902.000000, 30150.000000, 22084.000000, 9930.000000, 
119556.000000, 17327.000000, 22558.000000, 15523.000000, 10073.000000, 26827.000000, 19210.000000, 8038.000000, 
131759.000000, 14957.000000, 37685.000000, 16498.000000, 15728.000000, 22629.000000, 18098.000000, 6164.000000, 
1.000000, 0.860000, 1.000000, 1.000000, 1.000000, 0.840000, 0.940000, 0.770000, 
97794.000000, 5158.000000, 12965.000000, 15523.000000, 10073.000000, 26827.000000, 19210.000000, 8038.000000, 
57773.000000, 4008.000000, 10686.000000, 10306.000000, 9239.000000, 13146.000000, 7976.000000, 2412.000000, 
0.590000, 0.780000, 0.820000, 0.660000, 0.920000, 0.490000, 0.420000, 0.300000, 
5097.000000, 129.000000, 3225.000000, 1743.000000, 

458543.000000, 30748.000000, 61486.000000, 76330.000000, 91700.000000, 109710.000000, 67188.000000, 21381.000000, 
509438.000000, 96123.000000, 105062.000000, 65257.000000, 78509.000000, 94790.000000, 55545.000000, 14152.000000, 
365462.000000, 88484.000000, 113577.000000, 49219.000000, 38418.000000, 46444.000000, 24349.000000, 4971.000000, 
0.720000, 0.920000, 1.000000, 0.750000, 0.490000, 0.490000, 0.440000, 0.350000, 
400487.000000, 30748.000000, 61486.000000, 65257.000000, 78509.000000, 94790.000000, 55545.000000, 14152.000000, 
201627.000000, 24630.000000, 44293.000000, 39081.000000, 32578.000000, 38370.000000, 18914.000000, 3761.000000, 
0.500000, 0.800000, 0.720000, 0.600000, 0.410000, 0.400000, 0.340000, 0.270000, 
33113.000000, 717.000000, 20150.000000, 12246.000000, 

494229.000000, 30349.000000, 59534.000000, 75943.000000, 95211.000000, 118763.000000, 81747.000000, 32682.000000, 
527207.000000, 83763.000000, 100017.000000, 64552.000000, 81881.000000, 103324.000000, 69485.000000, 24185.000000, 
412270.000000, 90360.000000, 107499.000000, 52120.000000, 50930.000000, 63991.000000, 38354.000000, 9016.000000, 
0.780000, 1.000000, 1.000000, 0.810000, 0.620000, 0.620000, 0.550000, 0.370000, 
433310.000000, 30349.000000, 59534.000000, 64552.000000, 81881.000000, 103324.000000, 69485.000000, 24185.000000, 
241514.000000, 25903.000000, 40904.000000, 41492.000000, 42995.000000, 53421.000000, 29985.000000, 6814.000000, 
0.560000, 0.850000, 0.690000, 0.640000, 0.530000, 0.520000, 0.430000, 0.280000, 
63124.000000, 1411.000000, 31874.000000, 29839.000000, 

909148.000000, 60782.000000, 117443.000000, 149604.000000, 185726.000000, 217220.000000, 127926.000000, 50447.000000, 
740921.000000, 154701.000000, 196930.000000, 125442.000000, 79738.000000, 112696.000000, 53449.000000, 17965.000000, 
583035.000000, 178016.000000, 178997.000000, 86017.000000, 43727.000000, 58548.000000, 29766.000000, 7964.000000, 
0.790000, 1.000000, 0.910000, 0.690000, 0.550000, 0.520000, 0.560000, 0.440000, 
567515.000000, 60782.000000, 117443.000000, 125442.000000, 79738.000000, 112696.000000, 53449.000000, 17965.000000, 
259169.000000, 49114.000000, 62257.000000, 53881.000000, 29490.000000, 39050.000000, 19965.000000, 5412.000000, 
0.460000, 0.810000, 0.530000, 0.430000, 0.370000, 0.350000, 0.370000, 0.300000, 
75411.000000, 1107.000000, 33355.000000, 40949.000000, 

365352.000000, 25790.000000, 50783.000000, 55960.000000, 65746.000000, 80912.000000, 57370.000000, 28791.000000, 
295481.000000, 64350.000000, 86331.000000, 44606.000000, 26697.000000, 39919.000000, 23350.000000, 10228.000000, 
255044.000000, 78371.000000, 88539.000000, 31643.000000, 14224.000000, 23077.000000, 13587.000000, 5603.000000, 
0.860000, 1.000000, 1.000000, 0.710000, 0.530000, 0.580000, 0.580000, 0.550000, 
221373.000000, 25790.000000, 50783.000000, 44606.000000, 26697.000000, 39919.000000, 23350.000000, 10228.000000, 
130711.000000, 21564.000000, 35286.000000, 25573.000000, 12212.000000, 19741.000000, 11442.000000, 4893.000000, 
0.590000, 0.840000, 0.690000, 0.570000, 0.460000, 0.490000, 0.490000, 0.480000, 
24681.000000, 617.000000, 15624.000000, 8440.000000, 

434327.000000, 70986.000000, 52146.000000, 68036.000000, 80190.000000, 88693.000000, 59162.000000, 15114.000000, 
573692.000000, 241352.000000, 68311.000000, 59191.000000, 69765.000000, 77163.000000, 47330.000000, 10580.000000, 
212584.000000, 117681.000000, 28759.000000, 26222.000000, 13066.000000, 15081.000000, 9169.000000, 2606.000000, 
0.370000, 0.490000, 0.420000, 0.440000, 0.190000, 0.200000, 0.190000, 0.250000, 
387161.000000, 70986.000000, 52146.000000, 59191.000000, 69765.000000, 77163.000000, 47330.000000, 10580.000000, 
102661.000000, 43107.000000, 16339.000000, 16536.000000, 8549.000000, 9610.000000, 6445.000000, 2075.000000, 
0.270000, 0.610000, 0.310000, 0.280000, 0.120000, 0.120000, 0.140000, 0.200000, 
16032.000000, 5696.000000, 4655.000000, 5681.000000, 

624852.000000, 38206.000000, 77945.000000, 103787.000000, 125749.000000, 147847.000000, 96423.000000, 34895.000000, 
492300.000000, 85964.000000, 132507.000000, 89257.000000, 55330.000000, 76880.000000, 40498.000000, 11864.000000, 
467668.000000, 124762.000000, 143584.000000, 70595.000000, 35219.000000, 47914.000000, 33650.000000, 11944.000000, 
0.950000, 1.000000, 1.000000, 0.790000, 0.640000, 0.620000, 0.830000, 1.000000, 
389980.000000, 38206.000000, 77945.000000, 89257.000000, 55330.000000, 76880.000000, 40498.000000, 11864.000000, 
232107.000000, 33578.000000, 54106.000000, 48913.000000, 27832.000000, 36694.000000, 23508.000000, 7476.000000, 
0.600000, 0.880000, 0.690000, 0.550000, 0.500000, 0.480000, 0.580000, 0.630000, 
35239.000000, 709.000000, 20263.000000, 14267.000000, 

60010.000000, 4845.000000, 8981.000000, 10544.000000, 11064.000000, 12794.000000, 8740.000000, 3042.000000, 
47816.000000, 11621.000000, 13826.000000, 8120.000000, 4199.000000, 5881.000000, 3230.000000, 939.000000, 
36724.000000, 14172.000000, 11902.000000, 4434.000000, 1653.000000, 2816.000000, 1521.000000, 226.000000, 
0.770000, 1.000000, 0.860000, 0.550000, 0.390000, 0.480000, 0.470000, 0.240000, 
36195.000000, 4845.000000, 8981.000000, 8120.000000, 4199.000000, 5881.000000, 3230.000000, 939.000000, 
18550.000000, 4078.000000, 5271.000000, 3754.000000, 1475.000000, 2467.000000, 1313.000000, 192.000000, 
0.510000, 0.840000, 0.590000, 0.460000, 0.350000, 0.420000, 0.410000, 0.200000, 
283.000000, 8.000000, 186.000000, 89.000000, 

160967.000000, 11941.000000, 22416.000000, 28004.000000, 31978.000000, 34687.000000, 22980.000000, 8961.000000, 
158156.000000, 29253.000000, 37211.000000, 23522.000000, 13432.000000, 29484.000000, 19073.000000, 6181.000000, 
117072.000000, 39016.000000, 37082.000000, 15477.000000, 5471.000000, 11602.000000, 7065.000000, 1359.000000, 
0.740000, 1.000000, 1.000000, 0.660000, 0.410000, 0.390000, 0.370000, 0.220000, 
126049.000000, 11941.000000, 22416.000000, 23522.000000, 13432.000000, 29484.000000, 19073.000000, 6181.000000, 
65150.000000, 11637.000000, 16668.000000, 13523.000000, 5094.000000, 10709.000000, 6268.000000, 1251.000000, 
0.520000, 0.970000, 0.740000, 0.570000, 0.380000, 0.360000, 0.330000, 0.200000, 
8301.000000, 119.000000, 4769.000000, 3413.000000, 

130486.000000, 19241.000000, 19650.000000, 22763.000000, 24784.000000, 25090.000000, 13688.000000, 5270.000000, 
86724.000000, 44639.000000, 13952.000000, 11154.000000, 9170.000000, 3764.000000, 2464.000000, 1581.000000, 
91603.000000, 25471.000000, 30964.000000, 14444.000000, 9012.000000, 8193.000000, 3269.000000, 250.000000, 
1.000000, 0.570000, 1.000000, 1.000000, 0.980000, 1.000000, 1.000000, 0.160000, 
61326.000000, 19241.000000, 13952.000000, 11154.000000, 9170.000000, 3764.000000, 2464.000000, 1581.000000, 
48065.000000, 10354.000000, 13581.000000, 9884.000000, 6399.000000, 5568.000000, 2102.000000, 177.000000, 
0.780000, 0.540000, 0.970000, 0.890000, 0.700000, 1.000000, 0.850000, 0.110000, 
549.000000, 2.000000, 358.000000, 189.000000, 

73974.000000, 4558.000000, 9129.000000, 12163.000000, 15377.000000, 18250.000000, 11542.000000, 2955.000000, 
66038.000000, 12575.000000, 13669.000000, 9233.000000, 5997.000000, 14244.000000, 8674.000000, 1646.000000, 
58935.000000, 9928.000000, 14863.000000, 9036.000000, 8949.000000, 9777.000000, 5569.000000, 813.000000, 
0.890000, 0.790000, 1.000000, 0.980000, 1.000000, 0.690000, 0.640000, 0.490000, 
53481.000000, 4558.000000, 9129.000000, 9233.000000, 5997.000000, 14244.000000, 8674.000000, 1646.000000, 
28788.000000, 3284.000000, 5328.000000, 5430.000000, 5152.000000, 5957.000000, 3119.000000, 518.000000, 
0.540000, 0.720000, 0.580000, 0.590000, 0.860000, 0.420000, 0.360000, 0.310000, 
3780.000000, 109.000000, 2895.000000, 776.000000, 

530508.000000, 32542.000000, 78156.000000, 92682.000000, 108144.000000, 122103.000000, 74168.000000, 22713.000000, 
590396.000000, 97626.000000, 129739.000000, 79707.000000, 94085.000000, 107451.000000, 64526.000000, 17262.000000, 
422114.000000, 90469.000000, 130930.000000, 67668.000000, 42821.000000, 56599.000000, 27685.000000, 5942.000000, 
0.710000, 0.930000, 1.000000, 0.850000, 0.460000, 0.530000, 0.430000, 0.340000, 
473729.000000, 32542.000000, 78156.000000, 79707.000000, 94085.000000, 107451.000000, 64526.000000, 17262.000000, 
228696.000000, 28313.000000, 52216.000000, 46634.000000, 34085.000000, 42283.000000, 20776.000000, 4389.000000, 
0.480000, 0.870000, 0.670000, 0.590000, 0.360000, 0.390000, 0.320000, 0.250000, 
64872.000000, 2367.000000, 32879.000000, 29626.000000, 

303439.000000, 19446.000000, 38562.000000, 50224.000000, 60754.000000, 71754.000000, 47756.000000, 14943.000000, 
253759.000000, 58338.000000, 64784.000000, 42690.000000, 26124.000000, 37312.000000, 19580.000000, 4931.000000, 
157523.000000, 48354.000000, 50740.000000, 22319.000000, 11708.000000, 15751.000000, 7584.000000, 1067.000000, 
0.620000, 0.830000, 0.780000, 0.520000, 0.450000, 0.420000, 0.390000, 0.220000, 
188645.000000, 19446.000000, 38562.000000, 42690.000000, 26124.000000, 37312.000000, 19580.000000, 4931.000000, 
92284.000000, 15878.000000, 23715.000000, 19435.000000, 10934.000000, 14488.000000, 6893.000000, 941.000000, 
0.490000, 0.820000, 0.610000, 0.460000, 0.420000, 0.390000, 0.350000, 0.190000, 
1746.000000, 51.000000, 1109.000000, 586.000000, 

1770911.000000, 108485.000000, 242285.000000, 290753.000000, 347546.000000, 396652.000000, 261964.000000, 123226.000000, 
1513309.000000, 455152.000000, 303872.000000, 249175.000000, 148650.000000, 202387.000000, 108642.000000, 45431.000000, 
2982001.000000, 342700.000000, 725239.000000, 551877.000000, 438147.000000, 470202.000000, 303689.000000, 150147.000000, 
1.000000, 0.750000, 1.000000, 1.000000, 1.000000, 1.000000, 1.000000, 1.000000, 
1105055.000000, 108485.000000, 242285.000000, 249175.000000, 148650.000000, 202387.000000, 108642.000000, 45431.000000, 
1011973.000000, 81213.000000, 171679.000000, 186486.000000, 185425.000000, 206188.000000, 124357.000000, 56625.000000, 
0.920000, 0.750000, 0.710000, 0.750000, 1.000000, 1.000000, 1.000000, 1.000000, 
0.000000, 0.000000, 0.000000, 0.000000, 

780846.000000, 65162.000000, 122134.000000, 137914.000000, 147648.000000, 164893.000000, 101819.000000, 41276.000000, 
563527.000000, 132863.000000, 200159.000000, 112963.000000, 29478.000000, 54269.000000, 20277.000000, 13518.000000, 
578721.000000, 203624.000000, 197654.000000, 79854.000000, 31366.000000, 38819.000000, 22229.000000, 5175.000000, 
1.000000, 1.000000, 0.990000, 0.710000, 1.000000, 0.720000, 1.000000, 0.380000, 
417776.000000, 65162.000000, 122109.000000, 112963.000000, 29478.000000, 54269.000000, 20277.000000, 13518.000000, 
314005.000000, 58861.000000, 88899.000000, 73156.000000, 30300.000000, 37051.000000, 20754.000000, 4984.000000, 
0.750000, 0.900000, 0.730000, 0.650000, 1.000000, 0.680000, 1.000000, 0.370000, 
53635.000000, 456.000000, 38700.000000, 14479.000000, 

35328.000000, 2698.000000, 4811.000000, 6388.000000, 6909.000000, 7492.000000, 4828.000000, 2202.000000, 
32795.000000, 5531.000000, 7120.000000, 4791.000000, 5113.000000, 5544.000000, 3331.000000, 1365.000000, 
15055.000000, 6172.000000, 3986.000000, 1615.000000, 831.000000, 1426.000000, 782.000000, 243.000000, 
0.460000, 1.000000, 0.560000, 0.340000, 0.160000, 0.260000, 0.230000, 0.180000, 
27653.000000, 2698.000000, 4811.000000, 4791.000000, 5113.000000, 5544.000000, 3331.000000, 1365.000000, 
7295.000000, 1916.000000, 1799.000000, 1270.000000, 668.000000, 1003.000000, 508.000000, 131.000000, 
0.260000, 0.710000, 0.370000, 0.270000, 0.130000, 0.180000, 0.150000, 0.100000, 
881.000000, 11.000000, 526.000000, 344.000000, 

1033705.000000, 67986.000000, 137621.000000, 174922.000000, 208584.000000, 237598.000000, 149824.000000, 57170.000000, 
1073862.000000, 208037.000000, 176155.000000, 148684.000000, 177296.000000, 201958.000000, 122856.000000, 38876.000000, 
591179.000000, 155558.000000, 176155.000000, 101066.000000, 55000.000000, 65877.000000, 34196.000000, 3327.000000, 
0.550000, 0.750000, 1.000000, 0.680000, 0.310000, 0.330000, 0.280000, 0.090000, 
895277.000000, 67986.000000, 137621.000000, 148684.000000, 177296.000000, 201958.000000, 122856.000000, 38876.000000, 
371943.000000, 55778.000000, 94340.000000, 83979.000000, 48229.000000, 57360.000000, 29376.000000, 2881.000000, 
0.420000, 0.820000, 0.690000, 0.560000, 0.270000, 0.280000, 0.240000, 0.070000, 
45576.000000, 732.000000, 24997.000000, 19847.000000, 

420165.000000, 28584.000000, 60998.000000, 75732.000000, 83096.000000, 94274.000000, 60606.000000, 16875.000000, 
318754.000000, 65691.000000, 98694.000000, 61273.000000, 34017.000000, 30112.000000, 23573.000000, 5394.000000, 
179390.000000, 58181.000000, 59586.000000, 25562.000000, 12748.000000, 15825.000000, 6730.000000, 758.000000, 
0.560000, 0.890000, 0.600000, 0.420000, 0.370000, 0.530000, 0.290000, 0.140000, 
243951.000000, 28584.000000, 60998.000000, 61273.000000, 34017.000000, 30112.000000, 23573.000000, 5394.000000, 
108571.000000, 15040.000000, 33462.000000, 24773.000000, 12961.000000, 14647.000000, 6766.000000, 922.000000, 
0.450000, 0.530000, 0.550000, 0.400000, 0.380000, 0.490000, 0.290000, 0.170000, 
6242.000000, 94.000000, 4567.000000, 1581.000000, 

279936.000000, 21979.000000, 41515.000000, 50183.000000, 51832.000000, 55705.000000, 38367.000000, 20355.000000, 
184183.000000, 49453.000000, 44836.000000, 36132.000000, 18660.000000, 16154.000000, 13045.000000, 5903.000000, 
135596.000000, 47483.000000, 49418.000000, 17221.000000, 7894.000000, 9235.000000, 3742.000000, 603.000000, 
0.740000, 0.960000, 1.000000, 0.480000, 0.420000, 0.570000, 0.290000, 0.100000, 
153388.000000, 21979.000000, 41515.000000, 36132.000000, 18660.000000, 16154.000000, 13045.000000, 5903.000000, 
77425.000000, 17556.000000, 24550.000000, 15493.000000, 7332.000000, 8481.000000, 3463.000000, 550.000000, 
0.500000, 0.800000, 0.590000, 0.430000, 0.390000, 0.530000, 0.270000, 0.090000, 
3163.000000, 111.000000, 2020.000000, 1032.000000, 

903940.000000, 48806.000000, 110900.000000, 140412.000000, 174994.000000, 210572.000000, 140583.000000, 77673.000000, 
823468.000000, 107373.000000, 181796.000000, 116473.000000, 75165.000000, 180801.000000, 113406.000000, 48454.000000, 
577274.000000, 105245.000000, 179670.000000, 78354.000000, 67424.000000, 84015.000000, 49275.000000, 13291.000000, 
0.700000, 0.980000, 0.990000, 0.670000, 0.900000, 0.460000, 0.430000, 0.270000, 
694005.000000, 48806.000000, 110900.000000, 116473.000000, 75165.000000, 180801.000000, 113406.000000, 48454.000000, 
364751.000000, 39055.000000, 79953.000000, 67762.000000, 58352.000000, 70997.000000, 38856.000000, 9776.000000, 
0.530000, 0.800000, 0.720000, 0.580000, 0.780000, 0.390000, 0.340000, 0.200000, 
110733.000000, 15327.000000, 67075.000000, 28331.000000, 

107847.000000, 6143.000000, 12629.000000, 17468.000000, 22478.000000, 26590.000000, 17005.000000, 5534.000000, 
110438.000000, 19166.000000, 16923.000000, 15547.000000, 20230.000000, 19410.000000, 15103.000000, 4059.000000, 
85464.000000, 18601.000000, 24616.000000, 11653.000000, 10803.000000, 12753.000000, 6071.000000, 967.000000, 
0.770000, 0.970000, 1.000000, 0.750000, 0.530000, 0.660000, 0.400000, 0.240000, 
93121.000000, 6143.000000, 12629.000000, 15547.000000, 20230.000000, 19410.000000, 15103.000000, 4059.000000, 
52521.000000, 5191.000000, 9891.000000, 10051.000000, 9726.000000, 11463.000000, 5323.000000, 876.000000, 
0.560000, 0.850000, 0.780000, 0.650000, 0.480000, 0.590000, 0.350000, 0.220000, 
7995.000000, 169.000000, 3817.000000, 4009.000000, 

545012.000000, 35169.000000, 70778.000000, 88383.000000, 105342.000000, 130616.000000, 83868.000000, 30856.000000, 
501337.000000, 139269.000000, 99797.000000, 85732.000000, 50564.000000, 75757.000000, 39418.000000, 10800.000000, 
259932.000000, 91693.000000, 102145.000000, 29961.000000, 13762.000000, 15319.000000, 6535.000000, 517.000000, 
0.520000, 0.660000, 1.000000, 0.350000, 0.270000, 0.200000, 0.170000, 0.050000, 
368218.000000, 35169.000000, 70778.000000, 85732.000000, 50564.000000, 75757.000000, 39418.000000, 10800.000000, 
120798.000000, 22573.000000, 40821.000000, 25255.000000, 12158.000000, 13687.000000, 5851.000000, 453.000000, 
0.330000, 0.640000, 0.580000, 0.290000, 0.240000, 0.180000, 0.150000, 0.040000, 
13223.000000, 215.000000, 9724.000000, 3284.000000, 

76408.000000, 5322.000000, 10210.000000, 12946.000000, 14980.000000, 17206.000000, 12053.000000, 3691.000000, 
82240.000000, 17882.000000, 16336.000000, 10357.000000, 12134.000000, 14109.000000, 9281.000000, 2141.000000, 
42274.000000, 12996.000000, 12788.000000, 5197.000000, 3030.000000, 4245.000000, 3271.000000, 747.000000, 
0.510000, 0.730000, 0.780000, 0.500000, 0.250000, 0.300000, 0.350000, 0.350000, 
63554.000000, 5322.000000, 10210.000000, 10357.000000, 12134.000000, 14109.000000, 9281.000000, 2141.000000, 
26050.000000, 4423.000000, 6321.000000, 4734.000000, 2881.000000, 3964.000000, 3012.000000, 715.000000, 
0.410000, 0.830000, 0.620000, 0.460000, 0.240000, 0.280000, 0.320000, 0.330000, 
801.000000, 3.000000, 472.000000, 326.000000, 

806397.000000, 45761.000000, 89813.000000, 125876.000000, 154870.000000, 184090.000000, 124319.000000, 81668.000000, 
746780.000000, 118979.000000, 117655.000000, 109512.000000, 66594.000000, 160158.000000, 106914.000000, 66968.000000, 
405752.000000, 69433.000000, 114672.000000, 78317.000000, 40626.000000, 55932.000000, 32513.000000, 14259.000000, 
0.540000, 0.580000, 0.970000, 0.720000, 0.610000, 0.350000, 0.300000, 0.210000, 
645720.000000, 45761.000000, 89813.000000, 109512.000000, 66594.000000, 160158.000000, 106914.000000, 66968.000000, 
249112.000000, 33422.000000, 51869.000000, 58073.000000, 30862.000000, 41774.000000, 23324.000000, 9788.000000, 
0.390000, 0.730000, 0.580000, 0.530000, 0.460000, 0.260000, 0.220000, 0.150000, 
33007.000000, 715.000000, 16905.000000, 15387.000000, 

2104436.000000, 226866.000000, 365686.000000, 381061.000000, 385653.000000, 390686.000000, 243851.000000, 110633.000000, 
2157539.000000, 678923.000000, 540642.000000, 281647.000000, 142399.000000, 288316.000000, 169410.000000, 56202.000000, 
1481934.000000, 507006.000000, 459375.000000, 191330.000000, 121895.000000, 139444.000000, 56206.000000, 6678.000000, 
0.690000, 0.750000, 0.850000, 0.680000, 0.860000, 0.480000, 0.330000, 0.120000, 
1529943.000000, 226623.000000, 365346.000000, 281647.000000, 142399.000000, 288316.000000, 169410.000000, 56202.000000, 
846963.000000, 186860.000000, 216586.000000, 159980.000000, 107291.000000, 121159.000000, 49256.000000, 5831.000000, 
0.550000, 0.820000, 0.590000, 0.570000, 0.750000, 0.420000, 0.290000, 0.100000, 
189390.000000, 42059.000000, 90021.000000, 57310.000000, 

145036.000000, 28081.000000, 25931.000000, 27908.000000, 22134.000000, 21495.000000, 14054.000000, 5433.000000, 
207791.000000, 117727.000000, 35218.000000, 19759.000000, 7931.000000, 15365.000000, 9074.000000, 2717.000000, 
123372.000000, 79213.000000, 22240.000000, 11713.000000, 3592.000000, 3885.000000, 2265.000000, 464.000000, 
0.590000, 0.670000, 0.630000, 0.590000, 0.450000, 0.250000, 0.250000, 0.170000, 
108858.000000, 28081.000000, 25931.000000, 19759.000000, 7931.000000, 15365.000000, 9074.000000, 2717.000000, 
54031.000000, 22858.000000, 13106.000000, 9461.000000, 3083.000000, 3303.000000, 1851.000000, 369.000000, 
0.500000, 0.810000, 0.510000, 0.480000, 0.390000, 0.210000, 0.200000, 0.140000, 
1118.000000, 341.000000, 635.000000, 142.000000, 

70293.000000, 3533.000000, 7458.000000, 10987.000000, 14427.000000, 18251.000000, 12344.000000, 3293.000000, 
31708.000000, 3512.000000, 7135.000000, 6030.000000, 4180.000000, 6561.000000, 3556.000000, 734.000000, 
47789.000000, 8499.000000, 16027.000000, 6962.000000, 5604.000000, 6628.000000, 3555.000000, 514.000000, 
1.000000, 1.000000, 1.000000, 1.000000, 1.000000, 1.000000, 1.000000, 0.700000, 
31708.000000, 3512.000000, 7135.000000, 6030.000000, 4180.000000, 6561.000000, 3556.000000, 734.000000, 
26638.000000, 2370.000000, 5745.000000, 5447.000000, 4348.000000, 5357.000000, 2908.000000, 463.000000, 
0.840000, 0.670000, 0.810000, 0.900000, 1.000000, 0.820000, 0.820000, 0.630000, 
110.000000, 0.000000, 89.000000, 21.000000, 

438806.000000, 37135.000000, 62175.000000, 71987.000000, 83312.000000, 97678.000000, 60742.000000, 25777.000000, 
330727.000000, 96495.000000, 72118.000000, 56144.000000, 30828.000000, 44933.000000, 22476.000000, 7733.000000, 
264192.000000, 89563.000000, 81383.000000, 36866.000000, 14341.000000, 19166.000000, 13919.000000, 8954.000000, 
0.800000, 0.930000, 1.000000, 0.660000, 0.470000, 0.430000, 0.620000, 1.000000, 
261420.000000, 37135.000000, 62171.000000, 56144.000000, 30828.000000, 44933.000000, 22476.000000, 7733.000000, 
143918.000000, 28885.000000, 38165.000000, 31216.000000, 12931.000000, 16672.000000, 10776.000000, 5273.000000, 
0.550000, 0.780000, 0.610000, 0.560000, 0.420000, 0.370000, 0.480000, 0.680000, 
2672.000000, 208.000000, 1354.000000, 1110.000000, 

700065.000000, 39279.000000, 84254.000000, 114354.000000, 138132.000000, 158686.000000, 119038.000000, 46322.000000, 
490693.000000, 110036.000000, 72456.000000, 98339.000000, 89782.000000, 55533.000000, 48799.000000, 15748.000000, 
141038.000000, 21323.000000, 34105.000000, 21354.000000, 16532.000000, 22002.000000, 19298.000000, 6424.000000, 
0.290000, 0.190000, 0.470000, 0.220000, 0.180000, 0.400000, 0.400000, 0.410000, 
419936.000000, 39279.000000, 72456.000000, 98339.000000, 89782.000000, 55533.000000, 48799.000000, 15748.000000, 
101368.000000, 11702.000000, 20666.000000, 17261.000000, 14018.000000, 18378.000000, 15017.000000, 4326.000000, 
0.240000, 0.300000, 0.290000, 0.180000, 0.160000, 0.330000, 0.310000, 0.270000, 
13.000000, 0.000000, 6.000000, 7.000000, 

208997.000000, 13818.000000, 26351.000000, 34270.000000, 40500.000000, 48207.000000, 34481.000000, 11370.000000, 
227813.000000, 41454.000000, 53491.000000, 27758.000000, 32803.000000, 39525.000000, 26199.000000, 6583.000000, 
160022.000000, 41590.000000, 50353.000000, 22622.000000, 15618.000000, 18246.000000, 10126.000000, 1467.000000, 
0.700000, 1.000000, 0.940000, 0.810000, 0.480000, 0.460000, 0.390000, 0.220000, 
173036.000000, 13818.000000, 26350.000000, 27758.000000, 32803.000000, 39525.000000, 26199.000000, 6583.000000, 
86941.000000, 13145.000000, 19658.000000, 17093.000000, 13134.000000, 14935.000000, 7868.000000, 1108.000000, 
0.500000, 0.950000, 0.750000, 0.620000, 0.400000, 0.380000, 0.300000, 0.170000, 
14817.000000, 2078.000000, 7740.000000, 4999.000000, 

391584.000000, 27512.000000, 54118.000000, 68050.000000, 76562.000000, 85966.000000, 57992.000000, 21384.000000, 
323264.000000, 70034.000000, 90079.000000, 57645.000000, 31947.000000, 42966.000000, 23141.000000, 7452.000000, 
216345.000000, 62478.000000, 69149.000000, 30275.000000, 19611.000000, 22184.000000, 11026.000000, 1622.000000, 
0.670000, 0.890000, 0.770000, 0.530000, 0.610000, 0.520000, 0.480000, 0.220000, 
244781.000000, 27512.000000, 54118.000000, 57645.000000, 31947.000000, 42966.000000, 23141.000000, 7452.000000, 
128723.000000, 21169.000000, 32591.000000, 25934.000000, 17692.000000, 19942.000000, 9901.000000, 1494.000000, 
0.530000, 0.770000, 0.600000, 0.450000, 0.550000, 0.460000, 0.430000, 0.200000, 
51985.000000, 1006.000000, 31596.000000, 19383.000000, 

