501766.000000, 38033.000000, 68237.000000, 89030.000000, 96606.000000, 104169.000000, 73951.000000, 31740.000000, 
590460.000000, 144525.000000, 116003.000000, 75676.000000, 82115.000000, 88544.000000, 61379.000000, 22218.000000, 
333828.000000, 136146.000000, 73549.000000, 45359.000000, 29398.000000, 33147.000000, 15696.000000, 533.000000, 
0.570000, 0.940000, 0.630000, 0.600000, 0.360000, 0.370000, 0.260000, 0.020000, 
436202.000000, 38033.000000, 68237.000000, 75676.000000, 82115.000000, 88544.000000, 61379.000000, 22218.000000, 
215181.000000, 48965.000000, 47540.000000, 42960.000000, 28323.000000, 31757.000000, 15117.000000, 519.000000, 
0.490000, 1.000000, 0.700000, 0.570000, 0.340000, 0.360000, 0.250000, 0.020000, 
35379.000000, 6050.000000, 18915.000000, 10414.000000, 

89151.000000, 6041.000000, 11197.000000, 14429.000000, 16999.000000, 20395.000000, 15577.000000, 4513.000000, 
68730.000000, 15405.000000, 17467.000000, 11399.000000, 6970.000000, 9994.000000, 6231.000000, 1264.000000, 
47669.000000, 17481.000000, 13181.000000, 6928.000000, 3035.000000, 3813.000000, 2953.000000, 278.000000, 
0.690000, 1.000000, 0.750000, 0.610000, 0.440000, 0.380000, 0.470000, 0.220000, 
53096.000000, 6041.000000, 11197.000000, 11399.000000, 6970.000000, 9994.000000, 6231.000000, 1264.000000, 
26950.000000, 5234.000000, 6710.000000, 5894.000000, 2782.000000, 3450.000000, 2619.000000, 261.000000, 
0.510000, 0.870000, 0.600000, 0.520000, 0.400000, 0.350000, 0.420000, 0.210000, 
33.000000, 0.000000, 15.000000, 18.000000, 

627696.000000, 56587.000000, 99103.000000, 117963.000000, 120763.000000, 123770.000000, 82193.000000, 27317.000000, 
545593.000000, 156180.000000, 152619.000000, 93191.000000, 47098.000000, 58172.000000, 30411.000000, 7922.000000, 
550550.000000, 207078.000000, 175598.000000, 69045.000000, 37130.000000, 37795.000000, 20652.000000, 3252.000000, 
1.000000, 1.000000, 1.000000, 0.740000, 0.790000, 0.650000, 0.680000, 0.410000, 
392484.000000, 56587.000000, 99103.000000, 93191.000000, 47098.000000, 58172.000000, 30411.000000, 7922.000000, 
258816.000000, 54373.000000, 70792.000000, 53534.000000, 29977.000000, 30633.000000, 16674.000000, 2833.000000, 
0.660000, 0.960000, 0.710000, 0.570000, 0.640000, 0.530000, 0.550000, 0.360000, 
28452.000000, 1009.000000, 17731.000000, 9712.000000, 

394130.000000, 51558.000000, 46926.000000, 65916.000000, 69863.000000, 77055.000000, 59475.000000, 23337.000000, 
476724.000000, 216529.000000, 61452.000000, 38224.000000, 30035.000000, 65464.000000, 46363.000000, 18657.000000, 
118163.000000, 64750.000000, 17810.000000, 19269.000000, 5387.000000, 7609.000000, 3265.000000, 73.000000, 
0.250000, 0.300000, 0.290000, 0.500000, 0.180000, 0.120000, 0.070000, 0.000000, 
297227.000000, 51558.000000, 46926.000000, 38224.000000, 30035.000000, 65464.000000, 46363.000000, 18657.000000, 
77210.000000, 24698.000000, 16909.000000, 19269.000000, 5387.000000, 7609.000000, 3265.000000, 73.000000, 
0.260000, 0.480000, 0.360000, 0.500000, 0.180000, 0.120000, 0.070000, 0.000000, 
2078.000000, 167.000000, 1074.000000, 837.000000, 

4231177.000000, 311848.000000, 594965.000000, 731384.000000, 798779.000000, 933200.000000, 623228.000000, 237773.000000, 
4277596.000000, 968558.000000, 940862.000000, 579484.000000, 329856.000000, 772284.000000, 505249.000000, 181303.000000, 
2519722.000000, 497853.000000, 914475.000000, 457243.000000, 237201.000000, 244140.000000, 141898.000000, 26912.000000, 
0.590000, 0.510000, 0.970000, 0.790000, 0.720000, 0.320000, 0.280000, 0.150000, 
3274989.000000, 311848.000000, 594965.000000, 579484.000000, 329856.000000, 772284.000000, 505249.000000, 181303.000000, 
1484783.000000, 224308.000000, 398583.000000, 343536.000000, 190677.000000, 195953.000000, 112649.000000, 19077.000000, 
0.450000, 0.720000, 0.670000, 0.590000, 0.580000, 0.250000, 0.220000, 0.110000, 
414523.000000, 4204.000000, 261963.000000, 148356.000000, 

390299.000000, 31864.000000, 66747.000000, 80803.000000, 74333.000000, 71498.000000, 47452.000000, 17602.000000, 
411067.000000, 99416.000000, 106795.000000, 64642.000000, 30477.000000, 58628.000000, 38436.000000, 12673.000000, 
240852.000000, 81874.000000, 85044.000000, 32603.000000, 15073.000000, 15210.000000, 8780.000000, 2268.000000, 
0.590000, 0.820000, 0.800000, 0.500000, 0.490000, 0.260000, 0.230000, 0.180000, 
303467.000000, 31864.000000, 66747.000000, 64642.000000, 30477.000000, 58628.000000, 38436.000000, 12673.000000, 
140504.000000, 25588.000000, 35567.000000, 31986.000000, 15290.000000, 18483.000000, 10715.000000, 2875.000000, 
0.460000, 0.800000, 0.530000, 0.490000, 0.500000, 0.320000, 0.280000, 0.230000, 
8427.000000, 109.000000, 6474.000000, 1844.000000, 

286310.000000, 16369.000000, 32799.000000, 46006.000000, 56549.000000, 67647.000000, 49682.000000, 17258.000000, 
285085.000000, 50089.000000, 57070.000000, 40025.000000, 36757.000000, 47353.000000, 42229.000000, 11562.000000, 
234197.000000, 52624.000000, 68537.000000, 33352.000000, 23604.000000, 31382.000000, 20886.000000, 3812.000000, 
0.820000, 1.000000, 1.000000, 0.830000, 0.640000, 0.660000, 0.490000, 0.330000, 
227094.000000, 16369.000000, 32799.000000, 40025.000000, 36757.000000, 47353.000000, 42229.000000, 11562.000000, 
143732.000000, 14386.000000, 27079.000000, 29543.000000, 22102.000000, 29160.000000, 18270.000000, 3192.000000, 
0.630000, 0.880000, 0.830000, 0.740000, 0.600000, 0.620000, 0.430000, 0.280000, 
37959.000000, 2071.000000, 20371.000000, 15517.000000, 

83422.000000, 6154.000000, 11730.000000, 14671.000000, 15756.000000, 17830.000000, 12729.000000, 4552.000000, 
57993.000000, 16616.000000, 14428.000000, 7922.000000, 6460.000000, 8737.000000, 2419.000000, 1411.000000, 
72723.000000, 18997.000000, 22030.000000, 9251.000000, 7805.000000, 8535.000000, 5071.000000, 1034.000000, 
1.000000, 1.000000, 1.000000, 1.000000, 1.000000, 0.980000, 1.000000, 0.730000, 
44833.000000, 6154.000000, 11730.000000, 7922.000000, 6460.000000, 8737.000000, 2419.000000, 1411.000000, 
38570.000000, 5421.000000, 8667.000000, 7730.000000, 5809.000000, 6504.000000, 3668.000000, 771.000000, 
0.860000, 0.880000, 0.740000, 0.980000, 0.900000, 0.740000, 1.000000, 0.550000, 
4149.000000, 49.000000, 2930.000000, 1170.000000, 

91734.000000, 5303.000000, 10053.000000, 14237.000000, 17628.000000, 23505.000000, 15340.000000, 5668.000000, 
81827.000000, 10724.000000, 16055.000000, 11571.000000, 7334.000000, 18274.000000, 13903.000000, 3966.000000, 
130720.000000, 17708.000000, 32158.000000, 22565.000000, 17646.000000, 19520.000000, 16410.000000, 4713.000000, 
1.000000, 1.000000, 1.000000, 1.000000, 1.000000, 1.000000, 1.000000, 1.000000, 
69902.000000, 5303.000000, 9551.000000, 11571.000000, 7334.000000, 18274.000000, 13903.000000, 3966.000000, 
54062.000000, 4334.000000, 8176.000000, 10349.000000, 10114.000000, 11455.000000, 7810.000000, 1824.000000, 
0.770000, 0.820000, 0.860000, 0.890000, 1.000000, 0.630000, 0.560000, 0.460000, 
12727.000000, 1879.000000, 5784.000000, 5064.000000, 

1680049.000000, 134992.000000, 250001.000000, 305602.000000, 322270.000000, 356905.000000, 245605.000000, 64674.000000, 
1714456.000000, 412675.000000, 408463.000000, 253081.000000, 128198.000000, 279894.000000, 189486.000000, 42659.000000, 
1257251.000000, 377577.000000, 410894.000000, 184520.000000, 104616.000000, 115263.000000, 57263.000000, 7118.000000, 
0.730000, 0.910000, 1.000000, 0.730000, 0.820000, 0.410000, 0.300000, 0.170000, 
1278068.000000, 134992.000000, 249758.000000, 253081.000000, 128198.000000, 279894.000000, 189486.000000, 42659.000000, 
757355.000000, 143510.000000, 192891.000000, 161845.000000, 96879.000000, 105409.000000, 50849.000000, 5972.000000, 
0.590000, 1.000000, 0.770000, 0.640000, 0.760000, 0.380000, 0.270000, 0.140000, 
80605.000000, 3354.000000, 45571.000000, 31680.000000, 

1174312.000000, 108404.000000, 186547.000000, 216163.000000, 217247.000000, 234151.000000, 163301.000000, 48499.000000, 
1075770.000000, 331713.000000, 291007.000000, 175082.000000, 86888.000000, 112372.000000, 63673.000000, 15035.000000, 
803824.000000, 329835.000000, 275263.000000, 95902.000000, 39419.000000, 42256.000000, 19411.000000, 1738.000000, 
0.750000, 0.990000, 0.950000, 0.550000, 0.450000, 0.380000, 0.300000, 0.120000, 
747996.000000, 108403.000000, 186543.000000, 175082.000000, 86888.000000, 112372.000000, 63673.000000, 15035.000000, 
394162.000000, 88650.000000, 119125.000000, 87961.000000, 37781.000000, 40502.000000, 18466.000000, 1677.000000, 
0.530000, 0.820000, 0.640000, 0.500000, 0.430000, 0.360000, 0.290000, 0.110000, 
76371.000000, 3296.000000, 61061.000000, 12014.000000, 

125902.000000, 8203.000000, 16418.000000, 20830.000000, 24060.000000, 28409.000000, 20055.000000, 7927.000000, 
98260.000000, 17222.000000, 27254.000000, 17705.000000, 10346.000000, 14773.000000, 8423.000000, 2537.000000, 
90273.000000, 23820.000000, 29897.000000, 13122.000000, 7020.000000, 9473.000000, 6045.000000, 896.000000, 
0.920000, 1.000000, 1.000000, 0.740000, 0.680000, 0.640000, 0.720000, 0.350000, 
78403.000000, 8201.000000, 16418.000000, 17705.000000, 10346.000000, 14773.000000, 8423.000000, 2537.000000, 
53447.000000, 7141.000000, 12656.000000, 11846.000000, 6625.000000, 8902.000000, 5490.000000, 787.000000, 
0.680000, 0.870000, 0.770000, 0.670000, 0.640000, 0.600000, 0.650000, 0.310000, 
6402.000000, 502.000000, 5024.000000, 876.000000, 

156084.000000, 10521.000000, 23212.000000, 29600.000000, 32542.000000, 33125.000000, 21634.000000, 5450.000000, 
133505.000000, 29669.000000, 38532.000000, 24568.000000, 13668.000000, 16563.000000, 8870.000000, 1635.000000, 
90381.000000, 31671.000000, 32357.000000, 11535.000000, 5744.000000, 6101.000000, 2817.000000, 156.000000, 
0.680000, 1.000000, 0.840000, 0.470000, 0.420000, 0.370000, 0.320000, 0.100000, 
99037.000000, 10521.000000, 23212.000000, 24568.000000, 13668.000000, 16563.000000, 8870.000000, 1635.000000, 
48845.000000, 9329.000000, 14892.000000, 10475.000000, 5497.000000, 5812.000000, 2688.000000, 152.000000, 
0.490000, 0.890000, 0.640000, 0.430000, 0.400000, 0.350000, 0.300000, 0.090000, 
1023.000000, 12.000000, 735.000000, 276.000000, 

1272928.000000, 73578.000000, 180789.000000, 230828.000000, 256017.000000, 286482.000000, 187504.000000, 57730.000000, 
1150408.000000, 229507.000000, 328704.000000, 212111.000000, 117614.000000, 157396.000000, 84298.000000, 20778.000000, 
1202672.000000, 410149.000000, 275675.000000, 206340.000000, 80254.000000, 148249.000000, 69140.000000, 12865.000000, 
1.000000, 1.000000, 0.840000, 0.970000, 0.680000, 0.940000, 0.820000, 0.620000, 
846564.000000, 73578.000000, 180789.000000, 212111.000000, 117614.000000, 157396.000000, 84298.000000, 20778.000000, 
567955.000000, 64135.000000, 133930.000000, 135975.000000, 61679.000000, 105636.000000, 50527.000000, 16073.000000, 
0.670000, 0.870000, 0.740000, 0.640000, 0.520000, 0.670000, 0.600000, 0.770000, 
245905.000000, 34415.000000, 108085.000000, 103405.000000, 

641553.000000, 47342.000000, 88017.000000, 110712.000000, 128612.000000, 139182.000000, 93865.000000, 33823.000000, 
570918.000000, 193155.000000, 110901.000000, 92998.000000, 55303.000000, 69591.000000, 38485.000000, 10485.000000, 
381270.000000, 108556.000000, 130556.000000, 55738.000000, 30632.000000, 35617.000000, 18178.000000, 1993.000000, 
0.670000, 0.560000, 1.000000, 0.600000, 0.550000, 0.510000, 0.470000, 0.190000, 
402221.000000, 47342.000000, 88017.000000, 92998.000000, 55303.000000, 69591.000000, 38485.000000, 10485.000000, 
420645.000000, 41198.000000, 71526.000000, 77371.000000, 78169.000000, 80539.000000, 53574.000000, 18268.000000, 
1.000000, 0.870000, 0.810000, 0.830000, 1.000000, 1.000000, 1.000000, 1.000000, 
36633.000000, 3904.000000, 16804.000000, 15925.000000, 

239160.000000, 18662.000000, 33198.000000, 41484.000000, 46228.000000, 49682.000000, 35381.000000, 14525.000000, 
202491.000000, 54840.000000, 52423.000000, 33587.000000, 18942.000000, 24319.000000, 13774.000000, 4606.000000, 
186432.000000, 54877.000000, 55374.000000, 26878.000000, 10640.000000, 14733.000000, 15531.000000, 8399.000000, 
0.920000, 1.000000, 1.000000, 0.800000, 0.560000, 0.610000, 1.000000, 1.000000, 
147078.000000, 18662.000000, 33188.000000, 33587.000000, 18942.000000, 24319.000000, 13774.000000, 4606.000000, 
98378.000000, 16237.000000, 23258.000000, 21535.000000, 9235.000000, 12558.000000, 10691.000000, 4864.000000, 
0.670000, 0.870000, 0.700000, 0.640000, 0.490000, 0.520000, 0.780000, 1.000000, 
11592.000000, 73.000000, 6571.000000, 4948.000000, 

219900.000000, 18778.000000, 34817.000000, 42777.000000, 41249.000000, 41479.000000, 29807.000000, 10993.000000, 
223840.000000, 56090.000000, 55664.000000, 33770.000000, 16073.000000, 32734.000000, 22922.000000, 6587.000000, 
166125.000000, 56630.000000, 46906.000000, 22761.000000, 10729.000000, 12318.000000, 11501.000000, 5280.000000, 
0.740000, 1.000000, 0.840000, 0.670000, 0.670000, 0.380000, 0.500000, 0.800000, 
165681.000000, 18778.000000, 34817.000000, 33770.000000, 16073.000000, 32734.000000, 22922.000000, 6587.000000, 
88371.000000, 16400.000000, 20966.000000, 19206.000000, 9529.000000, 10397.000000, 8513.000000, 3360.000000, 
0.530000, 0.870000, 0.600000, 0.570000, 0.590000, 0.320000, 0.370000, 0.510000, 
19382.000000, 462.000000, 10938.000000, 7982.000000, 

319886.000000, 21580.000000, 39511.000000, 54302.000000, 63414.000000, 76334.000000, 54399.000000, 10346.000000, 
329863.000000, 62715.000000, 69621.000000, 47361.000000, 27969.000000, 67247.000000, 47381.000000, 7569.000000, 
186824.000000, 52211.000000, 55435.000000, 29342.000000, 12241.000000, 26290.000000, 10783.000000, 522.000000, 
0.570000, 0.830000, 0.800000, 0.620000, 0.440000, 0.390000, 0.230000, 0.070000, 
258618.000000, 21580.000000, 39511.000000, 47361.000000, 27969.000000, 67247.000000, 47381.000000, 7569.000000, 
107777.000000, 16624.000000, 22560.000000, 24569.000000, 11091.000000, 22971.000000, 9476.000000, 486.000000, 
0.420000, 0.770000, 0.570000, 0.520000, 0.400000, 0.340000, 0.200000, 0.060000, 
24299.000000, 825.000000, 15529.000000, 7945.000000, 

762503.000000, 46257.000000, 91226.000000, 127039.000000, 149756.000000, 178909.000000, 129201.000000, 40115.000000, 
678089.000000, 147090.000000, 169663.000000, 118138.000000, 70374.000000, 100172.000000, 59410.000000, 13242.000000, 
559264.000000, 141484.000000, 173991.000000, 87709.000000, 51906.000000, 62406.000000, 38123.000000, 3645.000000, 
0.820000, 0.960000, 1.000000, 0.740000, 0.740000, 0.620000, 0.640000, 0.280000, 
498819.000000, 46257.000000, 91226.000000, 118138.000000, 70374.000000, 100172.000000, 59410.000000, 13242.000000, 
308476.000000, 40442.000000, 68363.000000, 67607.000000, 44879.000000, 52511.000000, 31443.000000, 3231.000000, 
0.620000, 0.870000, 0.750000, 0.570000, 0.640000, 0.520000, 0.530000, 0.240000, 
70969.000000, 1161.000000, 44777.000000, 25031.000000, 

501899.000000, 33817.000000, 65769.000000, 85008.000000, 96136.000000, 114931.000000, 81863.000000, 24375.000000, 
561694.000000, 104368.000000, 113995.000000, 73423.000000, 83917.000000, 100299.000000, 69964.000000, 15728.000000, 
432381.000000, 104580.000000, 131486.000000, 60159.000000, 45020.000000, 52659.000000, 32842.000000, 5635.000000, 
0.770000, 1.000000, 1.000000, 0.820000, 0.540000, 0.530000, 0.470000, 0.360000, 
442917.000000, 33817.000000, 65769.000000, 73423.000000, 83917.000000, 100299.000000, 69964.000000, 15728.000000, 
243647.000000, 28215.000000, 51001.000000, 49410.000000, 38848.000000, 44708.000000, 26894.000000, 4571.000000, 
0.550000, 0.830000, 0.780000, 0.670000, 0.460000, 0.450000, 0.380000, 0.290000, 
47246.000000, 876.000000, 28224.000000, 18146.000000, 

492571.000000, 33012.000000, 59732.000000, 75929.000000, 90075.000000, 113168.000000, 90821.000000, 29834.000000, 
519889.000000, 89132.000000, 99155.000000, 63780.000000, 75663.000000, 96193.000000, 75381.000000, 20585.000000, 
633623.000000, 156709.000000, 149548.000000, 79817.000000, 78658.000000, 95071.000000, 62658.000000, 11162.000000, 
1.000000, 1.000000, 1.000000, 1.000000, 1.000000, 0.990000, 0.830000, 0.540000, 
424346.000000, 33012.000000, 59732.000000, 63780.000000, 75663.000000, 96193.000000, 75381.000000, 20585.000000, 
332651.000000, 44521.000000, 55024.000000, 56385.000000, 57217.000000, 68514.000000, 43319.000000, 7671.000000, 
0.780000, 1.000000, 0.920000, 0.880000, 0.760000, 0.710000, 0.570000, 0.370000, 
81588.000000, 1483.000000, 40223.000000, 39882.000000, 

1054836.000000, 66404.000000, 126827.000000, 170708.000000, 205246.000000, 247659.000000, 172498.000000, 65494.000000, 
994135.000000, 169152.000000, 220466.000000, 148413.000000, 90239.000000, 173174.000000, 146069.000000, 46622.000000, 
641349.000000, 191717.000000, 185047.000000, 93689.000000, 49764.000000, 67739.000000, 44101.000000, 9292.000000, 
0.650000, 1.000000, 0.840000, 0.630000, 0.550000, 0.390000, 0.300000, 0.200000, 
797748.000000, 66404.000000, 126827.000000, 148413.000000, 90239.000000, 173174.000000, 146069.000000, 46622.000000, 
360091.000000, 56009.000000, 81854.000000, 76335.000000, 43111.000000, 58058.000000, 36595.000000, 8129.000000, 
0.450000, 0.840000, 0.650000, 0.510000, 0.480000, 0.340000, 0.250000, 0.170000, 
109224.000000, 996.000000, 54246.000000, 53982.000000, 

407490.000000, 29513.000000, 55879.000000, 65110.000000, 73680.000000, 85311.000000, 65989.000000, 32008.000000, 
331843.000000, 74168.000000, 92270.000000, 52953.000000, 30489.000000, 43025.000000, 27362.000000, 11576.000000, 
275554.000000, 83892.000000, 90509.000000, 35471.000000, 17484.000000, 24878.000000, 16832.000000, 6488.000000, 
0.830000, 1.000000, 0.980000, 0.670000, 0.570000, 0.580000, 0.620000, 0.560000, 
250797.000000, 29513.000000, 55879.000000, 52953.000000, 30489.000000, 43025.000000, 27362.000000, 11576.000000, 
156113.000000, 25177.000000, 40365.000000, 31643.000000, 15983.000000, 22679.000000, 14702.000000, 5564.000000, 
0.620000, 0.850000, 0.720000, 0.600000, 0.520000, 0.530000, 0.540000, 0.480000, 
34528.000000, 776.000000, 24430.000000, 9322.000000, 

444971.000000, 39618.000000, 75714.000000, 71625.000000, 78320.000000, 90531.000000, 65370.000000, 23793.000000, 
475322.000000, 101026.000000, 87828.000000, 63030.000000, 68922.000000, 80573.000000, 57526.000000, 16417.000000, 
364099.000000, 169375.000000, 78795.000000, 49007.000000, 23927.000000, 26742.000000, 14889.000000, 1364.000000, 
0.770000, 1.000000, 0.900000, 0.780000, 0.350000, 0.330000, 0.260000, 0.080000, 
401800.000000, 39618.000000, 75714.000000, 63030.000000, 68922.000000, 80573.000000, 57526.000000, 16417.000000, 
182568.000000, 42498.000000, 47860.000000, 38065.000000, 20633.000000, 20047.000000, 11701.000000, 1764.000000, 
0.450000, 1.000000, 0.630000, 0.600000, 0.300000, 0.250000, 0.200000, 0.110000, 
39360.000000, 4309.000000, 20569.000000, 14482.000000, 

685002.000000, 42795.000000, 83505.000000, 114045.000000, 134617.000000, 157613.000000, 114330.000000, 38097.000000, 
553363.000000, 100568.000000, 146969.000000, 100360.000000, 60578.000000, 83535.000000, 49162.000000, 12191.000000, 
592452.000000, 153196.000000, 170386.000000, 96409.000000, 50001.000000, 59677.000000, 46975.000000, 15808.000000, 
1.000000, 1.000000, 1.000000, 0.960000, 0.830000, 0.710000, 0.960000, 1.000000, 
432126.000000, 42795.000000, 83505.000000, 100360.000000, 60578.000000, 83535.000000, 49162.000000, 12191.000000, 
278132.000000, 39344.000000, 62420.000000, 59498.000000, 35378.000000, 42360.000000, 30515.000000, 8617.000000, 
0.640000, 0.920000, 0.750000, 0.590000, 0.580000, 0.510000, 0.620000, 0.710000, 
62168.000000, 907.000000, 34927.000000, 26334.000000, 

66078.000000, 5249.000000, 9917.000000, 12321.000000, 12182.000000, 13059.000000, 9924.000000, 3426.000000, 
54514.000000, 12860.000000, 15859.000000, 9972.000000, 4869.000000, 6129.000000, 3764.000000, 1061.000000, 
50761.000000, 18208.000000, 16007.000000, 7271.000000, 2344.000000, 3990.000000, 2680.000000, 261.000000, 
0.930000, 1.000000, 1.000000, 0.730000, 0.480000, 0.650000, 0.710000, 0.250000, 
40961.000000, 5249.000000, 9917.000000, 9972.000000, 4869.000000, 6129.000000, 3764.000000, 1061.000000, 
23562.000000, 4635.000000, 6468.000000, 5233.000000, 1872.000000, 3123.000000, 2018.000000, 213.000000, 
0.580000, 0.880000, 0.650000, 0.520000, 0.380000, 0.510000, 0.540000, 0.200000, 
286.000000, 8.000000, 166.000000, 112.000000, 

158919.000000, 12743.000000, 23974.000000, 28941.000000, 30763.000000, 32884.000000, 23557.000000, 6057.000000, 
161073.000000, 38211.000000, 38354.000000, 23150.000000, 12612.000000, 26627.000000, 18605.000000, 3514.000000, 
130332.000000, 44727.000000, 41652.000000, 16626.000000, 5731.000000, 11889.000000, 8681.000000, 1026.000000, 
0.810000, 1.000000, 1.000000, 0.720000, 0.450000, 0.450000, 0.470000, 0.290000, 
121225.000000, 12743.000000, 23974.000000, 23150.000000, 12612.000000, 26627.000000, 18605.000000, 3514.000000, 
68318.000000, 12575.000000, 17797.000000, 14056.000000, 5172.000000, 10618.000000, 7237.000000, 863.000000, 
0.560000, 0.990000, 0.740000, 0.610000, 0.410000, 0.400000, 0.390000, 0.250000, 
8252.000000, 96.000000, 5111.000000, 3045.000000, 

155178.000000, 14775.000000, 25369.000000, 27759.000000, 29797.000000, 31006.000000, 19639.000000, 6833.000000, 
125355.000000, 36938.000000, 35009.000000, 19986.000000, 10727.000000, 13643.000000, 7070.000000, 1982.000000, 
92210.000000, 35987.000000, 30173.000000, 12166.000000, 5800.000000, 5302.000000, 2394.000000, 388.000000, 
0.740000, 0.970000, 0.860000, 0.610000, 0.540000, 0.390000, 0.340000, 0.200000, 
93552.000000, 14775.000000, 25369.000000, 19986.000000, 10727.000000, 13643.000000, 7070.000000, 1982.000000, 
51117.000000, 14337.000000, 15569.000000, 9427.000000, 4919.000000, 4493.000000, 2027.000000, 345.000000, 
0.550000, 0.970000, 0.610000, 0.470000, 0.460000, 0.330000, 0.290000, 0.170000, 
450.000000, 5.000000, 242.000000, 203.000000, 

88293.000000, 5312.000000, 10646.000000, 14275.000000, 17869.000000, 21188.000000, 15077.000000, 3926.000000, 
80674.000000, 15134.000000, 16522.000000, 11208.000000, 7174.000000, 16798.000000, 11671.000000, 2167.000000, 
49122.000000, 12165.000000, 13368.000000, 6393.000000, 5764.000000, 6616.000000, 4129.000000, 687.000000, 
0.610000, 0.800000, 0.810000, 0.570000, 0.800000, 0.390000, 0.350000, 0.320000, 
64866.000000, 5312.000000, 10536.000000, 11208.000000, 7174.000000, 16798.000000, 11671.000000, 2167.000000, 
38088.000000, 4430.000000, 7349.000000, 7330.000000, 6475.000000, 7415.000000, 4438.000000, 651.000000, 
0.590000, 0.830000, 0.700000, 0.650000, 0.900000, 0.440000, 0.380000, 0.300000, 
4431.000000, 127.000000, 3465.000000, 839.000000, 

554142.000000, 37381.000000, 81995.000000, 98678.000000, 108419.000000, 122103.000000, 83020.000000, 22546.000000, 
634563.000000, 109900.000000, 141031.000000, 87823.000000, 96493.000000, 108672.000000, 73058.000000, 17586.000000, 
515492.000000, 128405.000000, 153663.000000, 77831.000000, 51035.000000, 56656.000000, 41135.000000, 6767.000000, 
0.810000, 1.000000, 1.000000, 0.890000, 0.530000, 0.520000, 0.560000, 0.380000, 
503008.000000, 37381.000000, 81995.000000, 87823.000000, 96493.000000, 108672.000000, 73058.000000, 17586.000000, 
290478.000000, 47623.000000, 60718.000000, 56647.000000, 42346.000000, 46606.000000, 31348.000000, 5190.000000, 
0.580000, 1.000000, 0.740000, 0.650000, 0.440000, 0.430000, 0.430000, 0.300000, 
100778.000000, 1750.000000, 46403.000000, 52625.000000, 

331783.000000, 20679.000000, 41712.000000, 56480.000000, 65309.000000, 75980.000000, 54903.000000, 16720.000000, 
267242.000000, 62037.000000, 67573.000000, 46314.000000, 26777.000000, 37230.000000, 21961.000000, 5350.000000, 
135028.000000, 40551.000000, 42431.000000, 19385.000000, 9934.000000, 13873.000000, 7815.000000, 1039.000000, 
0.510000, 0.650000, 0.630000, 0.420000, 0.370000, 0.370000, 0.360000, 0.190000, 
200023.000000, 20679.000000, 41712.000000, 46314.000000, 26777.000000, 37230.000000, 21961.000000, 5350.000000, 
82168.000000, 13502.000000, 20783.000000, 17437.000000, 9408.000000, 12892.000000, 7146.000000, 1000.000000, 
0.410000, 0.650000, 0.500000, 0.380000, 0.350000, 0.350000, 0.330000, 0.190000, 
1765.000000, 50.000000, 1185.000000, 530.000000, 

2129059.000000, 145579.000000, 283169.000000, 332044.000000, 380272.000000, 460211.000000, 358627.000000, 169157.000000, 
2258911.000000, 615131.000000, 348504.000000, 284606.000000, 166156.000000, 404646.000000, 306444.000000, 133424.000000, 
1685652.000000, 336839.000000, 459993.000000, 295089.000000, 207276.000000, 220457.000000, 131726.000000, 34272.000000, 
0.750000, 0.550000, 1.000000, 1.000000, 1.000000, 0.540000, 0.430000, 0.260000, 
1724024.000000, 145579.000000, 283169.000000, 284606.000000, 166156.000000, 404646.000000, 306444.000000, 133424.000000, 
900308.000000, 104317.000000, 177158.000000, 176414.000000, 149990.000000, 166233.000000, 99997.000000, 26199.000000, 
0.520000, 0.720000, 0.630000, 0.620000, 0.900000, 0.410000, 0.330000, 0.200000, 
0.000000, 0.000000, 0.000000, 0.000000, 

891305.000000, 72430.000000, 129232.000000, 163437.000000, 167162.000000, 181791.000000, 129423.000000, 47830.000000, 
631144.000000, 147659.000000, 211861.000000, 135580.000000, 35076.000000, 59918.000000, 25833.000000, 15217.000000, 
657325.000000, 235225.000000, 221936.000000, 94778.000000, 36432.000000, 42630.000000, 23662.000000, 2662.000000, 
1.000000, 1.000000, 1.000000, 0.700000, 1.000000, 0.710000, 0.920000, 0.170000, 
473272.000000, 72430.000000, 129218.000000, 135580.000000, 35076.000000, 59918.000000, 25833.000000, 15217.000000, 
347953.000000, 66382.000000, 96606.000000, 85713.000000, 34957.000000, 40044.000000, 21777.000000, 2474.000000, 
0.740000, 0.920000, 0.750000, 0.630000, 1.000000, 0.670000, 0.840000, 0.160000, 
57445.000000, 275.000000, 43660.000000, 13510.000000, 

44210.000000, 3335.000000, 6151.000000, 7903.000000, 8475.000000, 9030.000000, 6307.000000, 3009.000000, 
39300.000000, 6924.000000, 8916.000000, 5808.000000, 5826.000000, 6155.000000, 4051.000000, 1620.000000, 
26180.000000, 9135.000000, 6651.000000, 3484.000000, 1910.000000, 2800.000000, 1741.000000, 459.000000, 
0.670000, 1.000000, 0.750000, 0.600000, 0.330000, 0.450000, 0.430000, 0.280000, 
32874.000000, 3335.000000, 6079.000000, 5808.000000, 5826.000000, 6155.000000, 4051.000000, 1620.000000, 
13821.000000, 2642.000000, 3060.000000, 2690.000000, 1664.000000, 2076.000000, 1321.000000, 368.000000, 
0.420000, 0.790000, 0.500000, 0.460000, 0.290000, 0.340000, 0.330000, 0.230000, 
1501.000000, 37.000000, 950.000000, 514.000000, 

1189456.000000, 75071.000000, 145936.000000, 200690.000000, 235622.000000, 271871.000000, 190858.000000, 69408.000000, 
1244530.000000, 229717.000000, 191176.000000, 174600.000000, 204991.000000, 236528.000000, 160321.000000, 47197.000000, 
820776.000000, 206990.000000, 259385.000000, 132378.000000, 71642.000000, 90286.000000, 55073.000000, 5022.000000, 
0.660000, 0.900000, 1.000000, 0.760000, 0.350000, 0.380000, 0.340000, 0.110000, 
1044644.000000, 75071.000000, 145936.000000, 174600.000000, 204991.000000, 236528.000000, 160321.000000, 47197.000000, 
486850.000000, 68073.000000, 113331.000000, 111424.000000, 63337.000000, 79206.000000, 47094.000000, 4385.000000, 
0.470000, 0.910000, 0.780000, 0.640000, 0.310000, 0.330000, 0.290000, 0.090000, 
63774.000000, 1042.000000, 38436.000000, 24296.000000, 

476462.000000, 35197.000000, 65457.000000, 85877.000000, 95686.000000, 102264.000000, 71545.000000, 20436.000000, 
368659.000000, 84473.000000, 106040.000000, 70419.000000, 39231.000000, 33747.000000, 28618.000000, 6131.000000, 
246689.000000, 87336.000000, 74022.000000, 34432.000000, 18596.000000, 21035.000000, 10469.000000, 799.000000, 
0.670000, 1.000000, 0.700000, 0.490000, 0.470000, 0.620000, 0.370000, 0.130000, 
278800.000000, 35197.000000, 65457.000000, 70419.000000, 39231.000000, 33747.000000, 28618.000000, 6131.000000, 
140859.000000, 30192.000000, 36356.000000, 29026.000000, 16533.000000, 18747.000000, 9258.000000, 747.000000, 
0.510000, 0.860000, 0.560000, 0.410000, 0.420000, 0.560000, 0.320000, 0.120000, 
15577.000000, 278.000000, 9860.000000, 5439.000000, 

278926.000000, 23200.000000, 42542.000000, 51131.000000, 53543.000000, 55025.000000, 40827.000000, 12658.000000, 
193830.000000, 53360.000000, 48072.000000, 37837.000000, 19811.000000, 16508.000000, 14698.000000, 3544.000000, 
165107.000000, 57252.000000, 62453.000000, 20970.000000, 9394.000000, 9907.000000, 4795.000000, 336.000000, 
0.850000, 1.000000, 1.000000, 0.550000, 0.470000, 0.600000, 0.330000, 0.090000, 
158140.000000, 23200.000000, 42542.000000, 37837.000000, 19811.000000, 16508.000000, 14698.000000, 3544.000000, 
88886.000000, 19328.000000, 28659.000000, 18781.000000, 8525.000000, 8973.000000, 4316.000000, 304.000000, 
0.560000, 0.830000, 0.670000, 0.500000, 0.430000, 0.540000, 0.290000, 0.090000, 
5053.000000, 188.000000, 3428.000000, 1437.000000, 

1069806.000000, 66211.000000, 130068.000000, 170041.000000, 198133.000000, 242158.000000, 183046.000000, 80149.000000, 
1099323.000000, 202568.000000, 226242.000000, 149555.000000, 87093.000000, 215221.000000, 156770.000000, 61874.000000, 
685499.000000, 164696.000000, 207949.000000, 92050.000000, 67368.000000, 82572.000000, 58748.000000, 12116.000000, 
0.620000, 0.810000, 0.920000, 0.620000, 0.770000, 0.380000, 0.370000, 0.200000, 
866792.000000, 66211.000000, 130068.000000, 149555.000000, 87093.000000, 215221.000000, 156770.000000, 61874.000000, 
429134.000000, 53246.000000, 90293.000000, 83057.000000, 63347.000000, 76931.000000, 51633.000000, 10627.000000, 
0.500000, 0.800000, 0.690000, 0.560000, 0.730000, 0.360000, 0.330000, 0.170000, 
74322.000000, 4223.000000, 49120.000000, 20979.000000, 

113744.000000, 6411.000000, 12962.000000, 17883.000000, 22287.000000, 27813.000000, 20373.000000, 6015.000000, 
122165.000000, 20387.000000, 17499.000000, 16094.000000, 20281.000000, 25307.000000, 18299.000000, 4298.000000, 
85765.000000, 20537.000000, 23612.000000, 10256.000000, 10371.000000, 12555.000000, 7316.000000, 1118.000000, 
0.700000, 1.000000, 1.000000, 0.640000, 0.510000, 0.500000, 0.400000, 0.260000, 
103652.000000, 6411.000000, 12962.000000, 16094.000000, 20281.000000, 25307.000000, 18299.000000, 4298.000000, 
57784.000000, 6188.000000, 10497.000000, 10030.000000, 10385.000000, 12558.000000, 7078.000000, 1048.000000, 
0.560000, 0.970000, 0.810000, 0.620000, 0.510000, 0.500000, 0.390000, 0.240000, 
9054.000000, 139.000000, 4709.000000, 4206.000000, 

536780.000000, 37032.000000, 69955.000000, 91129.000000, 104101.000000, 122271.000000, 89470.000000, 22822.000000, 
444320.000000, 117762.000000, 89542.000000, 79282.000000, 45804.000000, 64804.000000, 39367.000000, 7759.000000, 
298993.000000, 107204.000000, 117074.000000, 35040.000000, 15047.000000, 15923.000000, 8504.000000, 201.000000, 
0.670000, 0.910000, 1.000000, 0.440000, 0.330000, 0.250000, 0.220000, 0.030000, 
344003.000000, 37032.000000, 69955.000000, 79282.000000, 45804.000000, 64804.000000, 39367.000000, 7759.000000, 
137012.000000, 27208.000000, 44860.000000, 30052.000000, 13216.000000, 14181.000000, 7386.000000, 109.000000, 
0.400000, 0.730000, 0.640000, 0.380000, 0.290000, 0.220000, 0.190000, 0.010000, 
17703.000000, 339.000000, 13398.000000, 3966.000000, 

85673.000000, 6008.000000, 11585.000000, 14753.000000, 16602.000000, 18728.000000, 13825.000000, 4172.000000, 
93406.000000, 20607.000000, 18536.000000, 11950.000000, 13614.000000, 15357.000000, 10922.000000, 2420.000000, 
50557.000000, 15569.000000, 15007.000000, 6306.000000, 3532.000000, 4995.000000, 4097.000000, 1051.000000, 
0.540000, 0.760000, 0.810000, 0.530000, 0.260000, 0.330000, 0.380000, 0.430000, 
71856.000000, 6008.000000, 11585.000000, 11950.000000, 13614.000000, 15357.000000, 10922.000000, 2420.000000, 
30953.000000, 5182.000000, 7265.000000, 5730.000000, 3356.000000, 4661.000000, 3771.000000, 988.000000, 
0.430000, 0.860000, 0.630000, 0.480000, 0.250000, 0.300000, 0.350000, 0.410000, 
954.000000, 13.000000, 612.000000, 329.000000, 

786347.000000, 52966.000000, 92149.000000, 123986.000000, 143105.000000, 166909.000000, 124931.000000, 82301.000000, 
737126.000000, 135620.000000, 120914.000000, 108618.000000, 62412.000000, 146089.000000, 107225.000000, 56248.000000, 
553441.000000, 123562.000000, 157917.000000, 86348.000000, 50421.000000, 61508.000000, 47605.000000, 26080.000000, 
0.750000, 0.910000, 1.000000, 0.790000, 0.810000, 0.420000, 0.440000, 0.460000, 
625707.000000, 52966.000000, 92149.000000, 108618.000000, 62412.000000, 146089.000000, 107225.000000, 56248.000000, 
338528.000000, 43594.000000, 67927.000000, 70778.000000, 45356.000000, 54850.000000, 38119.000000, 17904.000000, 
0.540000, 0.820000, 0.740000, 0.650000, 0.730000, 0.380000, 0.360000, 0.320000, 
47053.000000, 1472.000000, 28358.000000, 17223.000000, 

2801845.000000, 253608.000000, 459352.000000, 545261.000000, 535242.000000, 530879.000000, 345195.000000, 132308.000000, 
2890568.000000, 774087.000000, 734345.000000, 435850.000000, 208494.000000, 413437.000000, 257959.000000, 66396.000000, 
2172079.000000, 653560.000000, 737598.000000, 310639.000000, 175841.000000, 198385.000000, 89864.000000, 6192.000000, 
0.750000, 0.840000, 1.000000, 0.710000, 0.840000, 0.480000, 0.350000, 0.090000, 
2094421.000000, 253290.000000, 458995.000000, 435850.000000, 208494.000000, 413437.000000, 257959.000000, 66396.000000, 
1317797.000000, 244236.000000, 352383.000000, 277416.000000, 167368.000000, 185782.000000, 84630.000000, 5982.000000, 
0.630000, 0.960000, 0.770000, 0.640000, 0.800000, 0.450000, 0.330000, 0.090000, 
203323.000000, 12911.000000, 127598.000000, 62814.000000, 

179810.000000, 32282.000000, 31763.000000, 36308.000000, 28943.000000, 26010.000000, 18124.000000, 6380.000000, 
257463.000000, 138596.000000, 45648.000000, 27154.000000, 10945.000000, 19618.000000, 12248.000000, 3254.000000, 
140839.000000, 87018.000000, 27227.000000, 15237.000000, 4254.000000, 4398.000000, 2585.000000, 120.000000, 
0.550000, 0.630000, 0.600000, 0.560000, 0.390000, 0.220000, 0.210000, 0.040000, 
137253.000000, 32282.000000, 31752.000000, 27154.000000, 10945.000000, 19618.000000, 12248.000000, 3254.000000, 
67887.000000, 26629.000000, 17397.000000, 13511.000000, 3958.000000, 4016.000000, 2259.000000, 117.000000, 
0.490000, 0.820000, 0.550000, 0.500000, 0.360000, 0.200000, 0.180000, 0.040000, 
1518.000000, 480.000000, 923.000000, 115.000000, 

73799.000000, 3724.000000, 7973.000000, 11534.000000, 14784.000000, 18476.000000, 14149.000000, 3159.000000, 
70124.000000, 12252.000000, 10448.000000, 10175.000000, 6677.000000, 16538.000000, 11863.000000, 2171.000000, 
44653.000000, 11072.000000, 12241.000000, 6245.000000, 4321.000000, 5994.000000, 4174.000000, 606.000000, 
0.640000, 0.900000, 1.000000, 0.610000, 0.650000, 0.360000, 0.350000, 0.280000, 
59121.000000, 3724.000000, 7973.000000, 10175.000000, 6677.000000, 16538.000000, 11863.000000, 2171.000000, 
29299.000000, 3169.000000, 5694.000000, 5921.000000, 4217.000000, 5820.000000, 3903.000000, 575.000000, 
0.500000, 0.850000, 0.710000, 0.580000, 0.630000, 0.350000, 0.330000, 0.260000, 
1298.000000, 21.000000, 1010.000000, 267.000000, 

526762.000000, 40388.000000, 73299.000000, 90682.000000, 100224.000000, 116440.000000, 81476.000000, 24253.000000, 
430149.000000, 121047.000000, 90150.000000, 75259.000000, 42092.000000, 59386.000000, 34213.000000, 8002.000000, 
336693.000000, 101032.000000, 111353.000000, 52806.000000, 21929.000000, 28211.000000, 18899.000000, 2463.000000, 
0.780000, 0.830000, 1.000000, 0.700000, 0.520000, 0.480000, 0.550000, 0.310000, 
332639.000000, 40388.000000, 73299.000000, 75259.000000, 42092.000000, 59386.000000, 34213.000000, 8002.000000, 
192925.000000, 32925.000000, 49767.000000, 45960.000000, 20030.000000, 25463.000000, 16532.000000, 2248.000000, 
0.580000, 0.820000, 0.680000, 0.610000, 0.480000, 0.430000, 0.480000, 0.280000, 
23096.000000, 491.000000, 11187.000000, 11418.000000, 

634517.000000, 38117.000000, 82627.000000, 109926.000000, 129672.000000, 143939.000000, 100873.000000, 29363.000000, 
457466.000000, 104808.000000, 70216.000000, 94510.000000, 84261.000000, 50347.000000, 43343.000000, 9981.000000, 
306015.000000, 78160.000000, 105693.000000, 46439.000000, 26820.000000, 31567.000000, 15650.000000, 1686.000000, 
0.670000, 0.750000, 1.000000, 0.490000, 0.320000, 0.630000, 0.360000, 0.170000, 
390775.000000, 38117.000000, 70216.000000, 94510.000000, 84261.000000, 50347.000000, 43343.000000, 9981.000000, 
200406.000000, 30313.000000, 54302.000000, 43376.000000, 25844.000000, 30283.000000, 14797.000000, 1491.000000, 
0.510000, 0.800000, 0.770000, 0.460000, 0.310000, 0.600000, 0.340000, 0.150000, 
899.000000, 16.000000, 648.000000, 235.000000, 

210974.000000, 13245.000000, 26573.000000, 35952.000000, 41236.000000, 47996.000000, 34647.000000, 11325.000000, 
214813.000000, 46359.000000, 44751.000000, 29530.000000, 16947.000000, 40001.000000, 30371.000000, 6854.000000, 
180276.000000, 44060.000000, 43956.000000, 30244.000000, 23622.000000, 25001.000000, 12314.000000, 1079.000000, 
0.840000, 0.950000, 0.980000, 1.000000, 1.000000, 0.630000, 0.410000, 0.160000, 
163306.000000, 13245.000000, 26358.000000, 29530.000000, 16947.000000, 40001.000000, 30371.000000, 6854.000000, 
76640.000000, 12994.000000, 17635.000000, 15389.000000, 11267.000000, 12177.000000, 6478.000000, 700.000000, 
0.470000, 0.980000, 0.670000, 0.520000, 0.660000, 0.300000, 0.210000, 0.100000, 
8900.000000, 672.000000, 5885.000000, 2343.000000, 

488014.000000, 31793.000000, 61676.000000, 82196.000000, 88880.000000, 99837.000000, 83608.000000, 40024.000000, 
394686.000000, 80833.000000, 106248.000000, 71344.000000, 37949.000000, 50901.000000, 33415.000000, 13996.000000, 
337533.000000, 98890.000000, 104973.000000, 45882.000000, 26624.000000, 30432.000000, 22155.000000, 8577.000000, 
0.860000, 1.000000, 0.990000, 0.640000, 0.700000, 0.600000, 0.660000, 0.610000, 
301074.000000, 31793.000000, 61676.000000, 71344.000000, 37949.000000, 50901.000000, 33415.000000, 13996.000000, 
197855.000000, 27950.000000, 45420.000000, 40918.000000, 25431.000000, 28974.000000, 20852.000000, 8310.000000, 
0.660000, 0.880000, 0.740000, 0.570000, 0.670000, 0.570000, 0.620000, 0.590000, 
54255.000000, 1106.000000, 33911.000000, 19238.000000, 

53857.000000, 4155.000000, 8017.000000, 9751.000000, 10295.000000, 10638.000000, 8084.000000, 2917.000000, 
56291.000000, 14543.000000, 12988.000000, 7996.000000, 4118.000000, 8510.000000, 6386.000000, 1750.000000, 
29059.000000, 12163.000000, 9851.000000, 3149.000000, 1132.000000, 1742.000000, 980.000000, 42.000000, 
0.520000, 0.840000, 0.760000, 0.390000, 0.270000, 0.200000, 0.150000, 0.020000, 
40932.000000, 4155.000000, 8017.000000, 7996.000000, 4118.000000, 8510.000000, 6386.000000, 1750.000000, 
14407.000000, 3616.000000, 4398.000000, 2821.000000, 1064.000000, 1577.000000, 892.000000, 39.000000, 
0.350000, 0.870000, 0.550000, 0.350000, 0.260000, 0.190000, 0.140000, 0.020000, 
123.000000, 0.000000, 75.000000, 48.000000, 

