503051.000000, 41007.000000, 71556.000000, 85578.000000, 99022.000000, 99205.000000, 76112.000000, 30571.000000, 
591006.000000, 155827.000000, 118783.000000, 71030.000000, 81198.000000, 82340.000000, 61651.000000, 20177.000000, 
350838.000000, 148966.000000, 75995.000000, 44124.000000, 31161.000000, 32870.000000, 17155.000000, 567.000000, 
0.590000, 0.960000, 0.640000, 0.620000, 0.380000, 0.400000, 0.280000, 0.030000, 
428959.000000, 41007.000000, 71556.000000, 71030.000000, 81198.000000, 82340.000000, 61651.000000, 20177.000000, 
245282.000000, 63004.000000, 57643.000000, 43620.000000, 30885.000000, 32543.000000, 17021.000000, 566.000000, 
0.570000, 1.000000, 0.810000, 0.610000, 0.380000, 0.400000, 0.280000, 0.030000, 
38355.000000, 5564.000000, 21925.000000, 10866.000000, 

84203.000000, 5788.000000, 11251.000000, 13504.000000, 16235.000000, 17962.000000, 15228.000000, 4235.000000, 
64996.000000, 14759.000000, 17327.000000, 10533.000000, 6494.000000, 8801.000000, 5939.000000, 1143.000000, 
45408.000000, 17026.000000, 13038.000000, 6136.000000, 2890.000000, 3327.000000, 2701.000000, 290.000000, 
0.700000, 1.000000, 0.750000, 0.580000, 0.450000, 0.380000, 0.450000, 0.250000, 
49949.000000, 5788.000000, 11251.000000, 10533.000000, 6494.000000, 8801.000000, 5939.000000, 1143.000000, 
25050.000000, 5013.000000, 6307.000000, 5182.000000, 2707.000000, 3114.000000, 2462.000000, 265.000000, 
0.500000, 0.870000, 0.560000, 0.490000, 0.420000, 0.350000, 0.410000, 0.230000, 
9.000000, 1.000000, 4.000000, 4.000000, 

644688.000000, 60473.000000, 102967.000000, 120104.000000, 125470.000000, 121407.000000, 86568.000000, 27699.000000, 
559603.000000, 166905.000000, 154451.000000, 93681.000000, 48933.000000, 55847.000000, 32030.000000, 7756.000000, 
581870.000000, 218510.000000, 175946.000000, 72112.000000, 43840.000000, 43878.000000, 24279.000000, 3305.000000, 
1.000000, 1.000000, 1.000000, 0.770000, 0.900000, 0.790000, 0.760000, 0.430000, 
401687.000000, 60473.000000, 102967.000000, 93681.000000, 48933.000000, 55847.000000, 32030.000000, 7756.000000, 
283040.000000, 58301.000000, 74197.000000, 57487.000000, 35808.000000, 35204.000000, 19168.000000, 2875.000000, 
0.700000, 0.960000, 0.720000, 0.610000, 0.730000, 0.630000, 0.600000, 0.370000, 
36768.000000, 1371.000000, 22897.000000, 12500.000000, 

387393.000000, 46453.000000, 46979.000000, 66788.000000, 72378.000000, 75532.000000, 59585.000000, 19678.000000, 
488988.000000, 220184.000000, 64348.000000, 40731.000000, 32565.000000, 67199.000000, 48243.000000, 15718.000000, 
104180.000000, 55446.000000, 16964.000000, 14046.000000, 6256.000000, 7500.000000, 3881.000000, 87.000000, 
0.210000, 0.250000, 0.260000, 0.340000, 0.190000, 0.110000, 0.080000, 0.010000, 
297888.000000, 46453.000000, 46979.000000, 40731.000000, 32565.000000, 67199.000000, 48243.000000, 15718.000000, 
74016.000000, 25348.000000, 16898.000000, 14046.000000, 6256.000000, 7500.000000, 3881.000000, 87.000000, 
0.250000, 0.550000, 0.360000, 0.340000, 0.190000, 0.110000, 0.080000, 0.010000, 
1391.000000, 157.000000, 774.000000, 460.000000, 

4547735.000000, 332497.000000, 652619.000000, 771820.000000, 830065.000000, 927274.000000, 750395.000000, 283065.000000, 
4327624.000000, 1025513.000000, 969826.000000, 575584.000000, 315899.000000, 725548.000000, 531356.000000, 183898.000000, 
2448951.000000, 487795.000000, 895692.000000, 427422.000000, 228727.000000, 229521.000000, 153488.000000, 26306.000000, 
0.570000, 0.480000, 0.920000, 0.740000, 0.720000, 0.320000, 0.290000, 0.140000, 
3305662.000000, 332497.000000, 640880.000000, 575584.000000, 315899.000000, 725548.000000, 531356.000000, 183898.000000, 
1421639.000000, 219386.000000, 386683.000000, 316973.000000, 179491.000000, 179716.000000, 120163.000000, 19227.000000, 
0.430000, 0.660000, 0.600000, 0.550000, 0.570000, 0.250000, 0.230000, 0.100000, 
273540.000000, 2632.000000, 174745.000000, 96163.000000, 

338186.000000, 29755.000000, 57744.000000, 68143.000000, 66603.000000, 58948.000000, 42799.000000, 14194.000000, 
333469.000000, 85694.000000, 87771.000000, 51107.000000, 24643.000000, 44211.000000, 31243.000000, 8800.000000, 
257489.000000, 83769.000000, 89164.000000, 34902.000000, 18688.000000, 17378.000000, 11199.000000, 2389.000000, 
0.770000, 0.980000, 1.000000, 0.680000, 0.760000, 0.390000, 0.360000, 0.270000, 
247503.000000, 29755.000000, 57744.000000, 51107.000000, 24643.000000, 44211.000000, 31243.000000, 8800.000000, 
145856.000000, 26673.000000, 42527.000000, 31272.000000, 17419.000000, 15866.000000, 9888.000000, 2211.000000, 
0.590000, 0.900000, 0.740000, 0.610000, 0.710000, 0.360000, 0.320000, 0.250000, 
155174.000000, 29638.000000, 57598.000000, 67938.000000, 

278677.000000, 17475.000000, 33752.000000, 43686.000000, 54786.000000, 62309.000000, 48920.000000, 17749.000000, 
284111.000000, 53473.000000, 58729.000000, 38007.000000, 36160.000000, 43616.000000, 42065.000000, 12061.000000, 
240260.000000, 55978.000000, 71516.000000, 32063.000000, 24283.000000, 30882.000000, 21580.000000, 3958.000000, 
0.850000, 1.000000, 1.000000, 0.840000, 0.670000, 0.710000, 0.510000, 0.330000, 
223136.000000, 17475.000000, 33752.000000, 38007.000000, 36160.000000, 43616.000000, 42065.000000, 12061.000000, 
145360.000000, 15135.000000, 28166.000000, 28417.000000, 22723.000000, 28504.000000, 18951.000000, 3464.000000, 
0.650000, 0.870000, 0.830000, 0.750000, 0.630000, 0.650000, 0.450000, 0.290000, 
30796.000000, 2195.000000, 17644.000000, 10957.000000, 

87493.000000, 6667.000000, 12560.000000, 15351.000000, 16992.000000, 17373.000000, 13624.000000, 4926.000000, 
61611.000000, 18401.000000, 15449.000000, 8290.000000, 6967.000000, 8339.000000, 2589.000000, 1576.000000, 
83665.000000, 22036.000000, 29141.000000, 12275.000000, 7878.000000, 7216.000000, 4141.000000, 978.000000, 
1.000000, 1.000000, 1.000000, 1.000000, 1.000000, 0.870000, 1.000000, 0.620000, 
46988.000000, 6667.000000, 12560.000000, 8290.000000, 6967.000000, 8339.000000, 2589.000000, 1576.000000, 
40775.000000, 5909.000000, 9834.000000, 8607.000000, 6403.000000, 5941.000000, 3259.000000, 822.000000, 
0.870000, 0.890000, 0.780000, 1.000000, 0.920000, 0.710000, 1.000000, 0.520000, 
3243.000000, 43.000000, 2162.000000, 1038.000000, 

91236.000000, 5026.000000, 10534.000000, 13153.000000, 16769.000000, 21052.000000, 17443.000000, 7259.000000, 
84764.000000, 11530.000000, 17443.000000, 11168.000000, 7185.000000, 16867.000000, 16021.000000, 4550.000000, 
76895.000000, 13807.000000, 19231.000000, 10713.000000, 10713.000000, 11694.000000, 8910.000000, 1827.000000, 
0.910000, 1.000000, 1.000000, 0.960000, 1.000000, 0.690000, 0.560000, 0.400000, 
71351.000000, 5026.000000, 10534.000000, 11168.000000, 7185.000000, 16867.000000, 16021.000000, 4550.000000, 
52259.000000, 4143.000000, 9065.000000, 9266.000000, 8195.000000, 10465.000000, 9148.000000, 1977.000000, 
0.730000, 0.820000, 0.860000, 0.830000, 1.000000, 0.620000, 0.570000, 0.430000, 
12965.000000, 966.000000, 7031.000000, 4968.000000, 

1611397.000000, 141849.000000, 252662.000000, 282369.000000, 313681.000000, 322114.000000, 235890.000000, 62832.000000, 
1653254.000000, 441840.000000, 398026.000000, 225324.000000, 121642.000000, 249232.000000, 177144.000000, 40046.000000, 
1338015.000000, 461744.000000, 412024.000000, 179273.000000, 109731.000000, 111861.000000, 57598.000000, 5784.000000, 
0.810000, 1.000000, 1.000000, 0.800000, 0.900000, 0.450000, 0.330000, 0.140000, 
1207534.000000, 141849.000000, 252297.000000, 225324.000000, 121642.000000, 249232.000000, 177144.000000, 40046.000000, 
821529.000000, 194178.000000, 205384.000000, 159112.000000, 102619.000000, 103088.000000, 52092.000000, 5056.000000, 
0.680000, 1.000000, 0.810000, 0.710000, 0.840000, 0.410000, 0.290000, 0.130000, 
95286.000000, 5595.000000, 60740.000000, 28951.000000, 

1069682.000000, 106361.000000, 178135.000000, 180566.000000, 202535.000000, 201173.000000, 153332.000000, 47580.000000, 
1163474.000000, 379652.000000, 267179.000000, 140827.000000, 76948.000000, 154871.000000, 114974.000000, 29023.000000, 
906436.000000, 350153.000000, 294829.000000, 107209.000000, 59644.000000, 60302.000000, 31363.000000, 2936.000000, 
0.780000, 0.920000, 1.000000, 0.760000, 0.780000, 0.390000, 0.270000, 0.100000, 
801117.000000, 106353.000000, 178121.000000, 140827.000000, 76948.000000, 154871.000000, 114974.000000, 29023.000000, 
432843.000000, 93568.000000, 121733.000000, 86705.000000, 50727.000000, 50994.000000, 26558.000000, 2558.000000, 
0.540000, 0.880000, 0.680000, 0.620000, 0.660000, 0.330000, 0.230000, 0.090000, 
83706.000000, 3496.000000, 67636.000000, 12574.000000, 

146692.000000, 8552.000000, 18897.000000, 25164.000000, 28557.000000, 31896.000000, 24608.000000, 9018.000000, 
99224.000000, 17104.000000, 27211.000000, 18367.000000, 10564.000000, 14349.000000, 9104.000000, 2525.000000, 
92301.000000, 23551.000000, 29827.000000, 13377.000000, 8328.000000, 9637.000000, 6701.000000, 880.000000, 
0.930000, 1.000000, 1.000000, 0.730000, 0.790000, 0.670000, 0.740000, 0.350000, 
82358.000000, 8552.000000, 18897.000000, 18367.000000, 10564.000000, 14349.000000, 9104.000000, 2525.000000, 
56215.000000, 7292.000000, 13011.000000, 12178.000000, 7845.000000, 9073.000000, 6053.000000, 763.000000, 
0.680000, 0.850000, 0.690000, 0.660000, 0.740000, 0.630000, 0.660000, 0.300000, 
5954.000000, 493.000000, 4694.000000, 767.000000, 

157656.000000, 9926.000000, 23829.000000, 29616.000000, 33562.000000, 32658.000000, 22535.000000, 5530.000000, 
137269.000000, 25609.000000, 34314.000000, 21324.000000, 12418.000000, 24167.000000, 16451.000000, 2986.000000, 
94788.000000, 32539.000000, 34285.000000, 11565.000000, 6113.000000, 6555.000000, 3414.000000, 317.000000, 
0.690000, 1.000000, 1.000000, 0.540000, 0.490000, 0.270000, 0.210000, 0.110000, 
111101.000000, 9926.000000, 23829.000000, 21324.000000, 12418.000000, 24167.000000, 16451.000000, 2986.000000, 
50270.000000, 9340.000000, 15248.000000, 10373.000000, 5690.000000, 6126.000000, 3185.000000, 308.000000, 
0.450000, 0.940000, 0.640000, 0.490000, 0.460000, 0.250000, 0.190000, 0.100000, 
911.000000, 12.000000, 704.000000, 195.000000, 

1392361.000000, 82892.000000, 190035.000000, 245664.000000, 284306.000000, 305298.000000, 218713.000000, 65453.000000, 
1261999.000000, 253574.000000, 352965.000000, 228078.000000, 133368.000000, 170635.000000, 100474.000000, 22905.000000, 
1391196.000000, 466760.000000, 314074.000000, 237467.000000, 101449.000000, 170813.000000, 86479.000000, 14154.000000, 
1.000000, 1.000000, 0.890000, 1.000000, 0.760000, 1.000000, 0.860000, 0.620000, 
928387.000000, 82892.000000, 190035.000000, 228078.000000, 133368.000000, 170635.000000, 100474.000000, 22905.000000, 
641636.000000, 71434.000000, 144981.000000, 151365.000000, 76699.000000, 118164.000000, 60622.000000, 18371.000000, 
0.690000, 0.860000, 0.760000, 0.660000, 0.580000, 0.690000, 0.600000, 0.800000, 
305740.000000, 44052.000000, 134103.000000, 127585.000000, 

670468.000000, 51006.000000, 92590.000000, 112799.000000, 136558.000000, 140703.000000, 102419.000000, 34393.000000, 
602651.000000, 208104.000000, 116663.000000, 94751.000000, 58720.000000, 71759.000000, 41992.000000, 10662.000000, 
507473.000000, 152334.000000, 164162.000000, 71559.000000, 42806.000000, 48539.000000, 25708.000000, 2365.000000, 
0.840000, 0.730000, 1.000000, 0.760000, 0.730000, 0.680000, 0.610000, 0.220000, 
421480.000000, 51006.000000, 92590.000000, 94751.000000, 58720.000000, 71759.000000, 41992.000000, 10662.000000, 
444601.000000, 45465.000000, 75904.000000, 79749.000000, 83746.000000, 82422.000000, 59031.000000, 18284.000000, 
1.000000, 0.890000, 0.820000, 0.840000, 1.000000, 1.000000, 1.000000, 1.000000, 
45115.000000, 4861.000000, 21879.000000, 18375.000000, 

248169.000000, 20094.000000, 35467.000000, 42383.000000, 48743.000000, 49220.000000, 37396.000000, 14866.000000, 
214406.000000, 60265.000000, 56735.000000, 33892.000000, 19978.000000, 24100.000000, 14563.000000, 4873.000000, 
204773.000000, 57995.000000, 64597.000000, 28357.000000, 12383.000000, 15372.000000, 17164.000000, 8905.000000, 
0.960000, 0.960000, 1.000000, 0.840000, 0.620000, 0.640000, 1.000000, 1.000000, 
152964.000000, 20094.000000, 35464.000000, 33892.000000, 19978.000000, 24100.000000, 14563.000000, 4873.000000, 
104553.000000, 16725.000000, 26186.000000, 21915.000000, 10474.000000, 12614.000000, 11597.000000, 5042.000000, 
0.680000, 0.830000, 0.740000, 0.650000, 0.520000, 0.520000, 0.800000, 1.000000, 
9119.000000, 68.000000, 5370.000000, 3681.000000, 

218498.000000, 19177.000000, 35920.000000, 41732.000000, 42376.000000, 38781.000000, 29632.000000, 10880.000000, 
224464.000000, 58420.000000, 56707.000000, 32933.000000, 16506.000000, 30597.000000, 22779.000000, 6522.000000, 
220274.000000, 67931.000000, 57773.000000, 28656.000000, 16700.000000, 17447.000000, 19142.000000, 12625.000000, 
0.980000, 1.000000, 1.000000, 0.870000, 1.000000, 0.570000, 0.840000, 1.000000, 
164426.000000, 19177.000000, 35912.000000, 32933.000000, 16506.000000, 30597.000000, 22779.000000, 6522.000000, 
107395.000000, 17140.000000, 24064.000000, 22342.000000, 14080.000000, 13889.000000, 11685.000000, 4195.000000, 
0.650000, 0.890000, 0.670000, 0.680000, 0.850000, 0.450000, 0.510000, 0.640000, 
18600.000000, 446.000000, 11104.000000, 7050.000000, 

348376.000000, 37164.000000, 49261.000000, 54095.000000, 67654.000000, 67836.000000, 56918.000000, 15448.000000, 
324256.000000, 98341.000000, 69182.000000, 36919.000000, 23679.000000, 46707.000000, 39099.000000, 10329.000000, 
245061.000000, 65991.000000, 80269.000000, 36017.000000, 16134.000000, 30063.000000, 14669.000000, 1918.000000, 
0.760000, 0.670000, 1.000000, 0.980000, 0.680000, 0.640000, 0.380000, 0.190000, 
243158.000000, 37164.000000, 49261.000000, 36919.000000, 23679.000000, 46707.000000, 39099.000000, 10329.000000, 
141177.000000, 21612.000000, 33505.000000, 30255.000000, 14687.000000, 26481.000000, 12894.000000, 1743.000000, 
0.580000, 0.580000, 0.680000, 0.820000, 0.620000, 0.570000, 0.330000, 0.170000, 
24798.000000, 5909.000000, 11957.000000, 6932.000000, 

770726.000000, 48707.000000, 92253.000000, 124920.000000, 153948.000000, 171393.000000, 134013.000000, 45492.000000, 
665191.000000, 154853.000000, 166049.000000, 111167.000000, 69266.000000, 90817.000000, 58939.000000, 14100.000000, 
599402.000000, 162559.000000, 178734.000000, 90004.000000, 54419.000000, 66105.000000, 43207.000000, 4374.000000, 
0.900000, 1.000000, 1.000000, 0.810000, 0.790000, 0.730000, 0.730000, 0.310000, 
485249.000000, 48707.000000, 92253.000000, 111167.000000, 69266.000000, 90817.000000, 58939.000000, 14100.000000, 
316374.000000, 43931.000000, 67868.000000, 67649.000000, 45907.000000, 53172.000000, 34101.000000, 3746.000000, 
0.650000, 0.900000, 0.740000, 0.610000, 0.660000, 0.590000, 0.580000, 0.270000, 
64985.000000, 871.000000, 43532.000000, 20582.000000, 

136617.000000, 7532.000000, 14954.000000, 20163.000000, 25721.000000, 30157.000000, 25591.000000, 12499.000000, 
137599.000000, 23049.000000, 26318.000000, 17732.000000, 11566.000000, 26828.000000, 22256.000000, 9850.000000, 
118621.000000, 9607.000000, 47473.000000, 22497.000000, 13242.000000, 13219.000000, 9896.000000, 2687.000000, 
0.860000, 0.420000, 1.000000, 1.000000, 1.000000, 0.490000, 0.440000, 0.270000, 
110718.000000, 7532.000000, 14954.000000, 17732.000000, 11566.000000, 26828.000000, 22256.000000, 9850.000000, 
64806.000000, 3241.000000, 13520.000000, 13088.000000, 11257.000000, 12501.000000, 8828.000000, 2371.000000, 
0.590000, 0.430000, 0.900000, 0.740000, 0.970000, 0.470000, 0.400000, 0.240000, 
13437.000000, 445.000000, 8800.000000, 4192.000000, 

514777.000000, 37192.000000, 70472.000000, 85482.000000, 100816.000000, 108478.000000, 86210.000000, 26127.000000, 
580894.000000, 116448.000000, 120899.000000, 72952.000000, 86979.000000, 93832.000000, 73104.000000, 16680.000000, 
480027.000000, 115727.000000, 149561.000000, 63155.000000, 51500.000000, 54221.000000, 39736.000000, 6127.000000, 
0.830000, 0.990000, 1.000000, 0.870000, 0.590000, 0.580000, 0.540000, 0.370000, 
451211.000000, 37192.000000, 70472.000000, 72952.000000, 86979.000000, 93832.000000, 73104.000000, 16680.000000, 
262219.000000, 30493.000000, 55658.000000, 51296.000000, 43573.000000, 44936.000000, 31359.000000, 4904.000000, 
0.580000, 0.820000, 0.790000, 0.700000, 0.500000, 0.480000, 0.430000, 0.290000, 
46588.000000, 991.000000, 29236.000000, 16361.000000, 

530197.000000, 37126.000000, 66388.000000, 80578.000000, 97160.000000, 115013.000000, 100014.000000, 33918.000000, 
560963.000000, 100240.000000, 110204.000000, 66880.000000, 81614.000000, 96611.000000, 82011.000000, 23403.000000, 
607436.000000, 170687.000000, 145463.000000, 71132.000000, 70100.000000, 80522.000000, 57921.000000, 11611.000000, 
1.000000, 1.000000, 1.000000, 1.000000, 0.860000, 0.830000, 0.710000, 0.500000, 
454033.000000, 37126.000000, 66388.000000, 66880.000000, 81614.000000, 96611.000000, 82011.000000, 23403.000000, 
352180.000000, 56655.000000, 57845.000000, 56607.000000, 58551.000000, 67055.000000, 46442.000000, 9025.000000, 
0.780000, 1.000000, 0.870000, 0.850000, 0.720000, 0.690000, 0.570000, 0.390000, 
76465.000000, 1816.000000, 38561.000000, 36088.000000, 

1103459.000000, 69343.000000, 133352.000000, 174725.000000, 218064.000000, 247452.000000, 190575.000000, 69948.000000, 
1048896.000000, 180238.000000, 234614.000000, 153721.000000, 95920.000000, 173158.000000, 161542.000000, 49703.000000, 
762010.000000, 210873.000000, 219196.000000, 106971.000000, 67838.000000, 84569.000000, 60781.000000, 11782.000000, 
0.730000, 1.000000, 0.930000, 0.700000, 0.710000, 0.490000, 0.380000, 0.240000, 
836739.000000, 69343.000000, 133352.000000, 153721.000000, 95920.000000, 173158.000000, 161542.000000, 49703.000000, 
431366.000000, 59264.000000, 93536.000000, 87033.000000, 58979.000000, 72026.000000, 50183.000000, 10345.000000, 
0.520000, 0.850000, 0.700000, 0.570000, 0.610000, 0.420000, 0.310000, 0.210000, 
144972.000000, 1265.000000, 80126.000000, 63581.000000, 

410610.000000, 31790.000000, 58555.000000, 65668.000000, 75490.000000, 81464.000000, 66841.000000, 30802.000000, 
339550.000000, 81359.000000, 95054.000000, 52934.000000, 31479.000000, 40591.000000, 27275.000000, 10858.000000, 
297616.000000, 94854.000000, 98629.000000, 36732.000000, 19042.000000, 24667.000000, 17642.000000, 6050.000000, 
0.880000, 1.000000, 1.000000, 0.690000, 0.600000, 0.610000, 0.650000, 0.560000, 
253482.000000, 31790.000000, 58555.000000, 52934.000000, 31479.000000, 40591.000000, 27275.000000, 10858.000000, 
165652.000000, 27667.000000, 43240.000000, 33279.000000, 17962.000000, 22798.000000, 15525.000000, 5181.000000, 
0.650000, 0.870000, 0.740000, 0.630000, 0.570000, 0.560000, 0.570000, 0.480000, 
41681.000000, 1616.000000, 30304.000000, 9761.000000, 

400507.000000, 38533.000000, 64237.000000, 69516.000000, 78638.000000, 80418.000000, 56536.000000, 12629.000000, 
424148.000000, 105966.000000, 78369.000000, 57003.000000, 62910.000000, 65139.000000, 45794.000000, 8967.000000, 
284210.000000, 105043.000000, 90846.000000, 36396.000000, 19174.000000, 19290.000000, 11908.000000, 1553.000000, 
0.670000, 0.990000, 1.000000, 0.640000, 0.300000, 0.300000, 0.260000, 0.170000, 
342583.000000, 38533.000000, 64237.000000, 57003.000000, 62910.000000, 65139.000000, 45794.000000, 8967.000000, 
142862.000000, 32041.000000, 38039.000000, 28912.000000, 16312.000000, 16221.000000, 10031.000000, 1306.000000, 
0.420000, 0.830000, 0.590000, 0.510000, 0.260000, 0.250000, 0.220000, 0.150000, 
43320.000000, 1868.000000, 23731.000000, 17721.000000, 

634491.000000, 44982.000000, 84441.000000, 104971.000000, 124885.000000, 134989.000000, 107100.000000, 33123.000000, 
517628.000000, 105708.000000, 143550.000000, 89225.000000, 53701.000000, 70194.000000, 44982.000000, 10268.000000, 
615745.000000, 168226.000000, 182428.000000, 94511.000000, 51800.000000, 56965.000000, 47388.000000, 14427.000000, 
1.000000, 1.000000, 1.000000, 1.000000, 0.960000, 0.810000, 1.000000, 1.000000, 
397793.000000, 44982.000000, 84441.000000, 89225.000000, 53701.000000, 70194.000000, 44982.000000, 10268.000000, 
275618.000000, 40857.000000, 63775.000000, 57060.000000, 35313.000000, 39769.000000, 30597.000000, 8247.000000, 
0.690000, 0.910000, 0.760000, 0.640000, 0.660000, 0.570000, 0.680000, 0.800000, 
64938.000000, 1155.000000, 36547.000000, 27236.000000, 

64620.000000, 5359.000000, 10082.000000, 12143.000000, 12320.000000, 11965.000000, 9492.000000, 3259.000000, 
53684.000000, 13385.000000, 15722.000000, 9583.000000, 4802.000000, 5615.000000, 3600.000000, 977.000000, 
52686.000000, 13316.000000, 15564.000000, 9402.000000, 4769.000000, 5547.000000, 3375.000000, 713.000000, 
0.980000, 0.990000, 0.990000, 0.980000, 0.990000, 0.990000, 0.940000, 0.730000, 
40018.000000, 5359.000000, 10082.000000, 9583.000000, 4802.000000, 5615.000000, 3600.000000, 977.000000, 
23357.000000, 4717.000000, 6570.000000, 5139.000000, 1894.000000, 2871.000000, 1943.000000, 223.000000, 
0.580000, 0.880000, 0.650000, 0.540000, 0.390000, 0.510000, 0.540000, 0.230000, 
358.000000, 13.000000, 215.000000, 130.000000, 

161329.000000, 13510.000000, 24594.000000, 29771.000000, 31870.000000, 31889.000000, 23930.000000, 5765.000000, 
167041.000000, 40535.000000, 39843.000000, 24413.000000, 13066.000000, 26460.000000, 19380.000000, 3344.000000, 
132870.000000, 46754.000000, 42794.000000, 16993.000000, 5844.000000, 11025.000000, 8746.000000, 714.000000, 
0.800000, 1.000000, 1.000000, 0.700000, 0.450000, 0.420000, 0.450000, 0.210000, 
124767.000000, 13510.000000, 24594.000000, 24413.000000, 13066.000000, 26460.000000, 19380.000000, 3344.000000, 
69867.000000, 13277.000000, 18480.000000, 14668.000000, 5425.000000, 9976.000000, 7455.000000, 586.000000, 
0.560000, 0.980000, 0.750000, 0.600000, 0.420000, 0.380000, 0.380000, 0.180000, 
7438.000000, 83.000000, 4424.000000, 2931.000000, 

154025.000000, 16451.000000, 26992.000000, 26552.000000, 28670.000000, 28481.000000, 19831.000000, 7048.000000, 
127421.000000, 39482.000000, 37249.000000, 18852.000000, 10321.000000, 12532.000000, 6941.000000, 2044.000000, 
102192.000000, 42487.000000, 30834.000000, 13360.000000, 6854.000000, 5739.000000, 2617.000000, 301.000000, 
0.800000, 1.000000, 0.830000, 0.710000, 0.660000, 0.460000, 0.380000, 0.150000, 
94133.000000, 16451.000000, 26992.000000, 18852.000000, 10321.000000, 12532.000000, 6941.000000, 2044.000000, 
59161.000000, 17813.000000, 17161.000000, 10718.000000, 5984.000000, 4923.000000, 2287.000000, 275.000000, 
0.630000, 1.000000, 0.640000, 0.570000, 0.580000, 0.390000, 0.330000, 0.130000, 
3116.000000, 2008.000000, 54.000000, 1054.000000, 

90678.000000, 5722.000000, 11216.000000, 14497.000000, 18321.000000, 20795.000000, 15901.000000, 4226.000000, 
84517.000000, 16280.000000, 17854.000000, 11496.000000, 7336.000000, 16708.000000, 12470.000000, 2373.000000, 
53239.000000, 13868.000000, 14805.000000, 6272.000000, 6139.000000, 6874.000000, 4584.000000, 697.000000, 
0.630000, 0.850000, 0.830000, 0.550000, 0.840000, 0.410000, 0.370000, 0.290000, 
67205.000000, 5722.000000, 11100.000000, 11496.000000, 7336.000000, 16708.000000, 12470.000000, 2373.000000, 
41297.000000, 4929.000000, 8008.000000, 7524.000000, 7097.000000, 8009.000000, 5026.000000, 704.000000, 
0.610000, 0.860000, 0.720000, 0.650000, 0.970000, 0.480000, 0.400000, 0.300000, 
4756.000000, 119.000000, 3765.000000, 872.000000, 

589415.000000, 39971.000000, 86325.000000, 103957.000000, 116822.000000, 123635.000000, 91299.000000, 27406.000000, 
686136.000000, 117515.000000, 151932.000000, 94601.000000, 106308.000000, 112508.000000, 82169.000000, 21103.000000, 
607662.000000, 156783.000000, 175019.000000, 89846.000000, 64003.000000, 65908.000000, 47667.000000, 8436.000000, 
0.890000, 1.000000, 1.000000, 0.950000, 0.600000, 0.590000, 0.580000, 0.400000, 
542985.000000, 39971.000000, 86325.000000, 94601.000000, 106308.000000, 112508.000000, 82169.000000, 21103.000000, 
313848.000000, 36166.000000, 66796.000000, 64179.000000, 51730.000000, 52490.000000, 36147.000000, 6340.000000, 
0.580000, 0.900000, 0.770000, 0.680000, 0.490000, 0.470000, 0.440000, 0.300000, 
61080.000000, 1322.000000, 26598.000000, 33160.000000, 

324178.000000, 21726.000000, 42388.000000, 55703.000000, 65926.000000, 70721.000000, 54421.000000, 13293.000000, 
410788.000000, 131660.000000, 83080.000000, 54032.000000, 32304.000000, 55162.000000, 48435.000000, 6115.000000, 
239108.000000, 101966.000000, 43153.000000, 31523.000000, 20352.000000, 27285.000000, 14037.000000, 792.000000, 
0.580000, 0.770000, 0.520000, 0.580000, 0.630000, 0.490000, 0.290000, 0.130000, 
260162.000000, 21726.000000, 42388.000000, 54032.000000, 32304.000000, 55162.000000, 48435.000000, 6115.000000, 
123502.000000, 18913.000000, 27933.000000, 24787.000000, 17365.000000, 21156.000000, 12075.000000, 1273.000000, 
0.470000, 0.870000, 0.660000, 0.460000, 0.540000, 0.380000, 0.250000, 0.210000, 
5277.000000, 138.000000, 3359.000000, 1780.000000, 

2021928.000000, 149958.000000, 279855.000000, 323971.000000, 360268.000000, 402123.000000, 341271.000000, 164482.000000, 
2173847.000000, 635040.000000, 344475.000000, 277909.000000, 155164.000000, 347909.000000, 285779.000000, 127571.000000, 
1736261.000000, 361623.000000, 487059.000000, 287189.000000, 209104.000000, 219414.000000, 136567.000000, 35305.000000, 
0.800000, 0.570000, 1.000000, 1.000000, 1.000000, 0.630000, 0.480000, 0.280000, 
1624145.000000, 149958.000000, 279855.000000, 277909.000000, 155164.000000, 347909.000000, 285779.000000, 127571.000000, 
905236.000000, 108995.000000, 184527.000000, 176668.000000, 148855.000000, 158230.000000, 100851.000000, 27110.000000, 
0.560000, 0.730000, 0.660000, 0.640000, 0.960000, 0.450000, 0.350000, 0.210000, 
0.000000, 0.000000, 0.000000, 0.000000, 

973650.000000, 78877.000000, 148155.000000, 184369.000000, 188579.000000, 179464.000000, 140249.000000, 53957.000000, 
719821.000000, 163997.000000, 254769.000000, 158512.000000, 37691.000000, 59147.000000, 27999.000000, 17706.000000, 
771283.000000, 258897.000000, 270596.000000, 117426.000000, 47810.000000, 46109.000000, 27601.000000, 2844.000000, 
1.000000, 1.000000, 1.000000, 0.740000, 1.000000, 0.780000, 0.990000, 0.160000, 
528087.000000, 78877.000000, 148155.000000, 158512.000000, 37691.000000, 59147.000000, 27999.000000, 17706.000000, 
414589.000000, 72671.000000, 117305.000000, 107122.000000, 45550.000000, 43597.000000, 25678.000000, 2666.000000, 
0.790000, 0.920000, 0.790000, 0.680000, 1.000000, 0.740000, 0.920000, 0.150000, 
74371.000000, 374.000000, 58106.000000, 15891.000000, 

44470.000000, 3760.000000, 6700.000000, 8078.000000, 8362.000000, 8316.000000, 6424.000000, 2830.000000, 
42842.000000, 8719.000000, 10175.000000, 6064.000000, 6061.000000, 5867.000000, 4288.000000, 1668.000000, 
26620.000000, 8857.000000, 7255.000000, 3905.000000, 2006.000000, 2491.000000, 1715.000000, 391.000000, 
0.620000, 1.000000, 0.710000, 0.640000, 0.330000, 0.420000, 0.400000, 0.230000, 
34330.000000, 3760.000000, 6622.000000, 6064.000000, 6061.000000, 5867.000000, 4288.000000, 1668.000000, 
15693.000000, 2917.000000, 3719.000000, 3208.000000, 1848.000000, 2173.000000, 1482.000000, 346.000000, 
0.460000, 0.780000, 0.560000, 0.530000, 0.300000, 0.370000, 0.350000, 0.210000, 
957.000000, 11.000000, 552.000000, 394.000000, 

1227384.000000, 78889.000000, 153810.000000, 199436.000000, 247579.000000, 269382.000000, 205852.000000, 72436.000000, 
1283258.000000, 241400.000000, 198415.000000, 171515.000000, 215394.000000, 234362.000000, 172916.000000, 49256.000000, 
850298.000000, 222215.000000, 267339.000000, 128425.000000, 77550.000000, 86412.000000, 62214.000000, 6143.000000, 
0.660000, 0.920000, 1.000000, 0.750000, 0.360000, 0.370000, 0.360000, 0.120000, 
1076142.000000, 78889.000000, 153810.000000, 171515.000000, 215394.000000, 234362.000000, 172916.000000, 49256.000000, 
537123.000000, 79456.000000, 135358.000000, 113257.000000, 71229.000000, 78238.000000, 54192.000000, 5393.000000, 
0.500000, 1.000000, 0.880000, 0.660000, 0.330000, 0.330000, 0.310000, 0.110000, 
68985.000000, 1144.000000, 41120.000000, 26721.000000, 

504458.000000, 38158.000000, 69623.000000, 89376.000000, 103326.000000, 103826.000000, 77629.000000, 22520.000000, 
417203.000000, 112185.000000, 89117.000000, 76863.000000, 45463.000000, 53990.000000, 32604.000000, 6981.000000, 
288033.000000, 102530.000000, 87120.000000, 39178.000000, 22122.000000, 23475.000000, 12624.000000, 984.000000, 
0.690000, 0.910000, 0.980000, 0.510000, 0.490000, 0.430000, 0.390000, 0.140000, 
323682.000000, 38158.000000, 69623.000000, 76863.000000, 45463.000000, 53990.000000, 32604.000000, 6981.000000, 
161906.000000, 33642.000000, 42062.000000, 33115.000000, 19920.000000, 21026.000000, 11226.000000, 915.000000, 
0.500000, 0.880000, 0.600000, 0.430000, 0.440000, 0.390000, 0.340000, 0.130000, 
24140.000000, 374.000000, 15318.000000, 8448.000000, 

271889.000000, 24608.000000, 43933.000000, 49038.000000, 51285.000000, 50467.000000, 39793.000000, 12765.000000, 
191322.000000, 56598.000000, 48326.000000, 35798.000000, 18463.000000, 14635.000000, 13928.000000, 3574.000000, 
177156.000000, 61738.000000, 68552.000000, 22105.000000, 9970.000000, 9502.000000, 4919.000000, 370.000000, 
0.930000, 1.000000, 1.000000, 0.620000, 0.540000, 0.650000, 0.350000, 0.100000, 
154939.000000, 24608.000000, 43933.000000, 35798.000000, 18463.000000, 14635.000000, 13928.000000, 3574.000000, 
94190.000000, 20664.000000, 30935.000000, 19906.000000, 9195.000000, 8741.000000, 4413.000000, 336.000000, 
0.610000, 0.840000, 0.700000, 0.560000, 0.500000, 0.600000, 0.320000, 0.090000, 
5801.000000, 227.000000, 3924.000000, 1650.000000, 

1120184.000000, 72216.000000, 138818.000000, 178282.000000, 209765.000000, 237485.000000, 195746.000000, 87872.000000, 
1149684.000000, 220953.000000, 241470.000000, 155041.000000, 92215.000000, 206371.000000, 166118.000000, 67516.000000, 
692250.000000, 167261.000000, 205125.000000, 86462.000000, 66687.000000, 75555.000000, 69208.000000, 21952.000000, 
0.600000, 0.760000, 0.850000, 0.560000, 0.720000, 0.370000, 0.420000, 0.330000, 
898295.000000, 72216.000000, 138818.000000, 155041.000000, 92215.000000, 206371.000000, 166118.000000, 67516.000000, 
436998.000000, 56739.000000, 91788.000000, 79797.000000, 64190.000000, 71541.000000, 56838.000000, 16105.000000, 
0.490000, 0.790000, 0.660000, 0.510000, 0.700000, 0.350000, 0.340000, 0.240000, 
106218.000000, 5326.000000, 71682.000000, 29210.000000, 

113005.000000, 6786.000000, 12893.000000, 17425.000000, 21918.000000, 26540.000000, 21101.000000, 6342.000000, 
120660.000000, 23615.000000, 17018.000000, 14987.000000, 19285.000000, 23351.000000, 18117.000000, 4287.000000, 
83077.000000, 20849.000000, 22561.000000, 9569.000000, 9965.000000, 11465.000000, 7537.000000, 1131.000000, 
0.690000, 0.880000, 1.000000, 0.640000, 0.520000, 0.490000, 0.420000, 0.260000, 
99705.000000, 6786.000000, 12893.000000, 14986.000000, 19285.000000, 23351.000000, 18117.000000, 4287.000000, 
54426.000000, 5905.000000, 9889.000000, 9287.000000, 9821.000000, 11304.000000, 7177.000000, 1043.000000, 
0.550000, 0.870000, 0.770000, 0.620000, 0.510000, 0.480000, 0.400000, 0.240000, 
9871.000000, 289.000000, 5131.000000, 4451.000000, 

528336.000000, 40572.000000, 73508.000000, 86301.000000, 104824.000000, 110666.000000, 88522.000000, 23943.000000, 
433516.000000, 129019.000000, 90415.000000, 70767.000000, 44026.000000, 55333.000000, 36294.000000, 7662.000000, 
345787.000000, 135815.000000, 129822.000000, 33654.000000, 16915.000000, 17447.000000, 10626.000000, 1508.000000, 
0.800000, 1.000000, 1.000000, 0.480000, 0.380000, 0.320000, 0.290000, 0.200000, 
328162.000000, 40572.000000, 73508.000000, 70767.000000, 44026.000000, 55333.000000, 36294.000000, 7662.000000, 
157278.000000, 31302.000000, 51731.000000, 30593.000000, 16019.000000, 16365.000000, 9856.000000, 1412.000000, 
0.480000, 0.770000, 0.700000, 0.430000, 0.360000, 0.300000, 0.270000, 0.180000, 
17237.000000, 422.000000, 12972.000000, 3843.000000, 

88107.000000, 6501.000000, 12272.000000, 15366.000000, 17252.000000, 18122.000000, 14272.000000, 4322.000000, 
97168.000000, 22298.000000, 19635.000000, 12446.000000, 14147.000000, 14860.000000, 11275.000000, 2507.000000, 
59047.000000, 16336.000000, 16963.000000, 8536.000000, 5043.000000, 6055.000000, 4906.000000, 1208.000000, 
0.610000, 0.730000, 0.860000, 0.690000, 0.360000, 0.410000, 0.440000, 0.480000, 
74008.000000, 6501.000000, 12272.000000, 12446.000000, 14147.000000, 14860.000000, 11275.000000, 2507.000000, 
36531.000000, 5504.000000, 8153.000000, 7296.000000, 4633.000000, 5418.000000, 4386.000000, 1141.000000, 
0.490000, 0.850000, 0.660000, 0.590000, 0.330000, 0.360000, 0.390000, 0.460000, 
1167.000000, 22.000000, 756.000000, 389.000000, 

816486.000000, 58058.000000, 100146.000000, 127732.000000, 152575.000000, 162841.000000, 131534.000000, 83600.000000, 
777679.000000, 151230.000000, 131336.000000, 112026.000000, 68181.000000, 144413.000000, 114281.000000, 56212.000000, 
705348.000000, 157644.000000, 205460.000000, 106477.000000, 70379.000000, 76920.000000, 60005.000000, 28463.000000, 
0.910000, 1.000000, 1.000000, 0.950000, 1.000000, 0.530000, 0.530000, 0.510000, 
653222.000000, 58058.000000, 100051.000000, 112026.000000, 68181.000000, 144413.000000, 114281.000000, 56212.000000, 
375016.000000, 48559.000000, 75988.000000, 75775.000000, 54648.000000, 59117.000000, 42633.000000, 18296.000000, 
0.570000, 0.840000, 0.760000, 0.680000, 0.800000, 0.410000, 0.370000, 0.330000, 
57096.000000, 1863.000000, 37408.000000, 17825.000000, 

2904790.000000, 254429.000000, 471191.000000, 558137.000000, 569251.000000, 537639.000000, 368050.000000, 146093.000000, 
2959627.000000, 792330.000000, 744164.000000, 440740.000000, 221846.000000, 413603.000000, 271773.000000, 75171.000000, 
2306669.000000, 720799.000000, 748561.000000, 327098.000000, 195297.000000, 209202.000000, 99107.000000, 6605.000000, 
0.780000, 0.910000, 1.000000, 0.740000, 0.880000, 0.510000, 0.360000, 0.090000, 
2148361.000000, 254223.000000, 471005.000000, 440740.000000, 221846.000000, 413603.000000, 271773.000000, 75171.000000, 
1405344.000000, 259222.000000, 374865.000000, 292932.000000, 184243.000000, 194967.000000, 92772.000000, 6343.000000, 
0.650000, 1.000000, 0.800000, 0.660000, 0.830000, 0.470000, 0.340000, 0.080000, 
183293.000000, 11027.000000, 117876.000000, 54390.000000, 

167691.000000, 21701.000000, 34442.000000, 34762.000000, 29135.000000, 24440.000000, 18063.000000, 5148.000000, 
235142.000000, 131464.000000, 38575.000000, 24328.000000, 9614.000000, 17594.000000, 11559.000000, 2008.000000, 
152331.000000, 89157.000000, 29334.000000, 17259.000000, 6176.000000, 6511.000000, 3685.000000, 209.000000, 
0.650000, 0.680000, 0.760000, 0.710000, 0.640000, 0.370000, 0.320000, 0.100000, 
121246.000000, 21701.000000, 34442.000000, 24328.000000, 9614.000000, 17594.000000, 11559.000000, 2008.000000, 
71729.000000, 18747.000000, 22969.000000, 14925.000000, 5784.000000, 5765.000000, 3308.000000, 231.000000, 
0.590000, 0.860000, 0.670000, 0.610000, 0.600000, 0.330000, 0.290000, 0.120000, 
13225.000000, 9004.000000, 3358.000000, 863.000000, 

57307.000000, 3396.000000, 6461.000000, 9226.000000, 11810.000000, 14076.000000, 10011.000000, 2327.000000, 
62687.000000, 12096.000000, 12009.000000, 8575.000000, 5548.000000, 13222.000000, 9350.000000, 1887.000000, 
42383.000000, 11189.000000, 12428.000000, 5623.000000, 4242.000000, 5229.000000, 3307.000000, 365.000000, 
0.680000, 0.930000, 1.000000, 0.660000, 0.760000, 0.400000, 0.350000, 0.190000, 
48439.000000, 3396.000000, 6461.000000, 8575.000000, 5548.000000, 13222.000000, 9350.000000, 1887.000000, 
26462.000000, 3236.000000, 5144.000000, 5361.000000, 4124.000000, 5113.000000, 3137.000000, 347.000000, 
0.550000, 0.950000, 0.800000, 0.630000, 0.740000, 0.390000, 0.340000, 0.180000, 
5278.000000, 39.000000, 4324.000000, 915.000000, 

0.000000, 0.000000, 0.000000, 0.000000, 0.000000, 0.000000, 0.000000, 0.000000, 
0.000000, 0.000000, 0.000000, 0.000000, 0.000000, 0.000000, 0.000000, 0.000000, 
0.000000, 0.000000, 0.000000, 0.000000, 0.000000, 0.000000, 0.000000, 0.000000, 
0.000000, 0.000000, 0.000000, 0.000000, 0.000000, 0.000000, 0.000000, 0.000000, 
0.000000, 0.000000, 0.000000, 0.000000, 0.000000, 0.000000, 0.000000, 0.000000, 
0.000000, 0.000000, 0.000000, 0.000000, 0.000000, 0.000000, 0.000000, 0.000000, 
0.000000, 0.000000, 0.000000, 0.000000, 0.000000, 0.000000, 0.000000, 0.000000, 
0.000000, 0.000000, 0.000000, 0.000000, 

548732.000000, 43063.000000, 78525.000000, 93346.000000, 107246.000000, 113092.000000, 87148.000000, 26312.000000, 
485564.000000, 131676.000000, 128706.000000, 77468.000000, 45041.000000, 57673.000000, 36595.000000, 8405.000000, 
428035.000000, 122365.000000, 146385.000000, 62508.000000, 30785.000000, 38415.000000, 24680.000000, 2897.000000, 
0.880000, 0.930000, 1.000000, 0.810000, 0.680000, 0.670000, 0.670000, 0.340000, 
346748.000000, 43063.000000, 78503.000000, 77468.000000, 45041.000000, 57673.000000, 36595.000000, 8405.000000, 
231025.000000, 35946.000000, 58424.000000, 52342.000000, 27324.000000, 33509.000000, 20944.000000, 2536.000000, 
0.670000, 0.830000, 0.740000, 0.680000, 0.610000, 0.580000, 0.570000, 0.300000, 
24067.000000, 597.000000, 13187.000000, 10283.000000, 

646521.000000, 40405.000000, 86996.000000, 110549.000000, 132761.000000, 139814.000000, 105501.000000, 30495.000000, 
474955.000000, 113131.000000, 74795.000000, 96151.000000, 86264.000000, 48912.000000, 45337.000000, 10365.000000, 
369900.000000, 93357.000000, 131972.000000, 53122.000000, 33803.000000, 36201.000000, 19365.000000, 2080.000000, 
0.780000, 0.830000, 1.000000, 0.550000, 0.390000, 0.740000, 0.430000, 0.200000, 
402229.000000, 40405.000000, 74795.000000, 96151.000000, 86264.000000, 48912.000000, 45337.000000, 10365.000000, 
232628.000000, 32215.000000, 63303.000000, 49812.000000, 32623.000000, 34701.000000, 18211.000000, 1763.000000, 
0.580000, 0.800000, 0.850000, 0.520000, 0.380000, 0.710000, 0.400000, 0.170000, 
1512.000000, 18.000000, 1108.000000, 386.000000, 

207606.000000, 13905.000000, 26250.000000, 34826.000000, 41073.000000, 44932.000000, 35052.000000, 11568.000000, 
211673.000000, 46716.000000, 43852.000000, 29218.000000, 17041.000000, 38194.000000, 29520.000000, 7132.000000, 
172804.000000, 48436.000000, 42999.000000, 27157.000000, 19931.000000, 21690.000000, 11701.000000, 890.000000, 
0.820000, 1.000000, 0.980000, 0.930000, 1.000000, 0.570000, 0.400000, 0.120000, 
161131.000000, 13905.000000, 26121.000000, 29218.000000, 17041.000000, 38194.000000, 29520.000000, 7132.000000, 
73024.000000, 13808.000000, 17202.000000, 14298.000000, 9883.000000, 11019.000000, 6168.000000, 646.000000, 
0.450000, 0.990000, 0.660000, 0.490000, 0.580000, 0.290000, 0.210000, 0.090000, 
8975.000000, 712.000000, 6108.000000, 2155.000000, 

499965.000000, 34232.000000, 65112.000000, 83834.000000, 93494.000000, 97287.000000, 85419.000000, 40587.000000, 
408587.000000, 87291.000000, 111099.000000, 72776.000000, 39900.000000, 49597.000000, 34134.000000, 13790.000000, 
359491.000000, 105724.000000, 112258.000000, 47785.000000, 29399.000000, 29286.000000, 24597.000000, 10442.000000, 
0.880000, 1.000000, 1.000000, 0.660000, 0.740000, 0.590000, 0.720000, 0.760000, 
309541.000000, 34232.000000, 65112.000000, 72776.000000, 39900.000000, 49597.000000, 34134.000000, 13790.000000, 
210323.000000, 29875.000000, 48372.000000, 42583.000000, 28178.000000, 27930.000000, 23245.000000, 10140.000000, 
0.680000, 0.870000, 0.740000, 0.590000, 0.710000, 0.560000, 0.680000, 0.740000, 
59003.000000, 1298.000000, 37959.000000, 19746.000000, 

53642.000000, 4218.000000, 8227.000000, 9830.000000, 10168.000000, 10066.000000, 8196.000000, 2937.000000, 
56360.000000, 15058.000000, 13163.000000, 7864.000000, 4067.000000, 8053.000000, 6393.000000, 1762.000000, 
30599.000000, 12444.000000, 10558.000000, 3276.000000, 1218.000000, 1887.000000, 1126.000000, 90.000000, 
0.540000, 0.830000, 0.800000, 0.420000, 0.300000, 0.230000, 0.180000, 0.050000, 
40584.000000, 4218.000000, 8227.000000, 7864.000000, 4067.000000, 8053.000000, 6393.000000, 1762.000000, 
15219.000000, 3614.000000, 4678.000000, 2946.000000, 1150.000000, 1731.000000, 1019.000000, 81.000000, 
0.380000, 0.860000, 0.570000, 0.370000, 0.280000, 0.210000, 0.160000, 0.050000, 
105.000000, 2.000000, 67.000000, 36.000000, 

