489049.000000, 42447.000000, 74566.000000, 86464.000000, 98055.000000, 98084.000000, 72424.000000, 17009.000000, 
604517.000000, 163421.000000, 126762.000000, 74359.000000, 83347.000000, 84352.000000, 61560.000000, 10716.000000, 
374871.000000, 100006.000000, 135662.000000, 48810.000000, 33645.000000, 35209.000000, 20160.000000, 1379.000000, 
0.620000, 0.610000, 1.000000, 0.660000, 0.400000, 0.420000, 0.330000, 0.130000, 
431347.000000, 42447.000000, 74566.000000, 74359.000000, 83347.000000, 84352.000000, 61560.000000, 10716.000000, 
225236.000000, 33785.000000, 57197.000000, 46406.000000, 32745.000000, 34187.000000, 19568.000000, 1348.000000, 
0.520000, 0.800000, 0.770000, 0.620000, 0.390000, 0.410000, 0.320000, 0.130000, 
42095.000000, 1431.000000, 26976.000000, 13688.000000, 

83617.000000, 5984.000000, 11244.000000, 13379.000000, 16191.000000, 17703.000000, 14753.000000, 4363.000000, 
65137.000000, 15259.000000, 17316.000000, 10436.000000, 6476.000000, 8674.000000, 5754.000000, 1222.000000, 
46896.000000, 17217.000000, 13134.000000, 6318.000000, 3246.000000, 3756.000000, 2912.000000, 313.000000, 
0.720000, 1.000000, 0.760000, 0.610000, 0.500000, 0.430000, 0.510000, 0.260000, 
49790.000000, 5984.000000, 11244.000000, 10436.000000, 6476.000000, 8674.000000, 5754.000000, 1222.000000, 
26324.000000, 5069.000000, 6557.000000, 5403.000000, 3002.000000, 3449.000000, 2554.000000, 290.000000, 
0.530000, 0.850000, 0.580000, 0.520000, 0.460000, 0.400000, 0.440000, 0.240000, 
20.000000, 0.000000, 4.000000, 16.000000, 

681537.000000, 59373.000000, 108278.000000, 127433.000000, 134811.000000, 129098.000000, 92678.000000, 29866.000000, 
580298.000000, 163869.000000, 162417.000000, 99398.000000, 52576.000000, 59385.000000, 34291.000000, 8362.000000, 
661093.000000, 230628.000000, 200821.000000, 82515.000000, 54745.000000, 57582.000000, 30597.000000, 4205.000000, 
1.000000, 1.000000, 1.000000, 0.830000, 1.000000, 0.970000, 0.890000, 0.500000, 
421663.000000, 59373.000000, 108278.000000, 99398.000000, 52576.000000, 59385.000000, 34291.000000, 8362.000000, 
321239.000000, 58861.000000, 80028.000000, 65067.000000, 43862.000000, 45789.000000, 24008.000000, 3624.000000, 
0.760000, 0.990000, 0.740000, 0.650000, 0.830000, 0.770000, 0.700000, 0.430000, 
41294.000000, 1296.000000, 25088.000000, 14910.000000, 

415411.000000, 54838.000000, 50602.000000, 69742.000000, 77345.000000, 79297.000000, 63583.000000, 20004.000000, 
507039.000000, 236880.000000, 66282.000000, 40447.000000, 32480.000000, 66606.000000, 48947.000000, 15397.000000, 
166425.000000, 79603.000000, 25739.000000, 27151.000000, 11201.000000, 15104.000000, 7488.000000, 139.000000, 
0.330000, 0.340000, 0.390000, 0.670000, 0.340000, 0.230000, 0.150000, 0.010000, 
309317.000000, 54838.000000, 50602.000000, 40447.000000, 32480.000000, 66606.000000, 48947.000000, 15397.000000, 
117916.000000, 31368.000000, 25465.000000, 27151.000000, 11201.000000, 15104.000000, 7488.000000, 139.000000, 
0.380000, 0.570000, 0.500000, 0.670000, 0.340000, 0.230000, 0.150000, 0.010000, 
4971.000000, 638.000000, 2269.000000, 2064.000000, 

4665571.000000, 343187.000000, 676139.000000, 789166.000000, 844898.000000, 928838.000000, 784111.000000, 299232.000000, 
2770099.000000, 790882.000000, 1032402.000000, 407397.000000, 160848.000000, 142249.000000, 137052.000000, 99269.000000, 
2824249.000000, 595017.000000, 1007478.000000, 465775.000000, 254341.000000, 264367.000000, 193719.000000, 43552.000000, 
1.000000, 0.750000, 0.980000, 1.000000, 1.000000, 1.000000, 1.000000, 0.440000, 
1954736.000000, 343187.000000, 664734.000000, 407397.000000, 160848.000000, 142249.000000, 137052.000000, 99269.000000, 
1534227.000000, 243373.000000, 401353.000000, 330319.000000, 190881.000000, 197317.000000, 142112.000000, 28872.000000, 
0.780000, 0.710000, 0.600000, 0.810000, 1.000000, 1.000000, 1.000000, 0.290000, 
324095.000000, 3091.000000, 206593.000000, 114411.000000, 

343032.000000, 30438.000000, 58601.000000, 68815.000000, 68974.000000, 59483.000000, 42709.000000, 14012.000000, 
364301.000000, 85835.000000, 90246.000000, 52299.000000, 51731.000000, 44612.000000, 30750.000000, 8828.000000, 
270319.000000, 87709.000000, 92163.000000, 36970.000000, 20412.000000, 19164.000000, 11625.000000, 2276.000000, 
0.740000, 1.000000, 1.000000, 0.710000, 0.390000, 0.430000, 0.380000, 0.260000, 
277259.000000, 30438.000000, 58601.000000, 52299.000000, 51731.000000, 44612.000000, 30750.000000, 8828.000000, 
154425.000000, 27998.000000, 43378.000000, 33318.000000, 19364.000000, 17838.000000, 10442.000000, 2087.000000, 
0.560000, 0.920000, 0.740000, 0.640000, 0.370000, 0.400000, 0.340000, 0.240000, 
14832.000000, 132.000000, 10861.000000, 3839.000000, 

285538.000000, 17866.000000, 35585.000000, 45482.000000, 55984.000000, 63428.000000, 49984.000000, 17209.000000, 
296305.000000, 55742.000000, 62630.000000, 40024.000000, 37510.000000, 45034.000000, 43491.000000, 11874.000000, 
243089.000000, 53704.000000, 75728.000000, 32704.000000, 24953.000000, 29950.000000, 22100.000000, 3950.000000, 
0.820000, 0.960000, 1.000000, 0.820000, 0.670000, 0.670000, 0.510000, 0.330000, 
231384.000000, 17866.000000, 35585.000000, 40024.000000, 37510.000000, 45034.000000, 43491.000000, 11874.000000, 
156715.000000, 16833.000000, 34347.000000, 29636.000000, 23540.000000, 28997.000000, 19911.000000, 3451.000000, 
0.680000, 0.940000, 0.970000, 0.740000, 0.630000, 0.640000, 0.460000, 0.290000, 
34782.000000, 2388.000000, 20197.000000, 12197.000000, 

90731.000000, 6899.000000, 13090.000000, 16153.000000, 17643.000000, 17817.000000, 13939.000000, 5190.000000, 
64779.000000, 19041.000000, 16493.000000, 8884.000000, 7234.000000, 8730.000000, 2788.000000, 1609.000000, 
91947.000000, 23821.000000, 32545.000000, 13218.000000, 8574.000000, 7969.000000, 4746.000000, 1074.000000, 
1.000000, 1.000000, 1.000000, 1.000000, 1.000000, 0.910000, 1.000000, 0.670000, 
49234.000000, 6899.000000, 13090.000000, 8884.000000, 7234.000000, 8730.000000, 2788.000000, 1609.000000, 
44387.000000, 6143.000000, 10522.000000, 9414.000000, 7111.000000, 6623.000000, 3720.000000, 854.000000, 
0.900000, 0.890000, 0.800000, 1.000000, 0.980000, 0.760000, 1.000000, 0.530000, 
3872.000000, 58.000000, 2706.000000, 1108.000000, 

98550.000000, 6155.000000, 11931.000000, 14458.000000, 18025.000000, 20203.000000, 20366.000000, 7412.000000, 
91313.000000, 15827.000000, 18600.000000, 11299.000000, 7192.000000, 16130.000000, 16711.000000, 5554.000000, 
76744.000000, 19797.000000, 15097.000000, 10525.000000, 10067.000000, 10396.000000, 9011.000000, 1851.000000, 
0.840000, 1.000000, 0.810000, 0.930000, 1.000000, 0.640000, 0.540000, 0.330000, 
74441.000000, 6155.000000, 11400.000000, 11299.000000, 7192.000000, 16130.000000, 16711.000000, 5554.000000, 
52289.000000, 5964.000000, 9943.000000, 9005.000000, 8902.000000, 8993.000000, 7910.000000, 1572.000000, 
0.700000, 0.970000, 0.870000, 0.800000, 1.000000, 0.560000, 0.470000, 0.280000, 
16427.000000, 579.000000, 6976.000000, 8872.000000, 

1654843.000000, 140978.000000, 267559.000000, 294576.000000, 318201.000000, 323895.000000, 239582.000000, 70052.000000, 
1735122.000000, 472677.000000, 421984.000000, 235014.000000, 126565.000000, 253812.000000, 182362.000000, 42708.000000, 
1524647.000000, 645564.000000, 354889.000000, 203356.000000, 123656.000000, 126998.000000, 63824.000000, 6360.000000, 
0.880000, 1.000000, 0.840000, 0.870000, 0.980000, 0.500000, 0.350000, 0.150000, 
1248594.000000, 140978.000000, 267155.000000, 235014.000000, 126565.000000, 253812.000000, 182362.000000, 42708.000000, 
871153.000000, 235318.000000, 179226.000000, 170639.000000, 112201.000000, 112883.000000, 55414.000000, 5472.000000, 
0.700000, 1.000000, 0.670000, 0.730000, 0.890000, 0.440000, 0.300000, 0.130000, 
100832.000000, 7614.000000, 63257.000000, 29961.000000, 

1059612.000000, 105590.000000, 178079.000000, 187587.000000, 200066.000000, 195044.000000, 147276.000000, 45970.000000, 
1183765.000000, 384316.000000, 277772.000000, 148174.000000, 80004.000000, 154022.000000, 111895.000000, 27582.000000, 
903598.000000, 364079.000000, 291294.000000, 99724.000000, 56341.000000, 57958.000000, 30874.000000, 3328.000000, 
0.760000, 0.950000, 1.000000, 0.670000, 0.700000, 0.380000, 0.280000, 0.120000, 
805326.000000, 105587.000000, 178062.000000, 148174.000000, 80004.000000, 154022.000000, 111895.000000, 27582.000000, 
479182.000000, 110682.000000, 137325.000000, 91320.000000, 53534.000000, 54548.000000, 28677.000000, 3096.000000, 
0.600000, 1.000000, 0.770000, 0.620000, 0.670000, 0.350000, 0.260000, 0.110000, 
68222.000000, 2161.000000, 54904.000000, 11157.000000, 

132459.000000, 8675.000000, 17485.000000, 22236.000000, 25556.000000, 27720.000000, 21821.000000, 8966.000000, 
104221.000000, 18649.000000, 29025.000000, 18896.000000, 10987.000000, 14412.000000, 9383.000000, 2869.000000, 
100014.000000, 26523.000000, 32478.000000, 14389.000000, 8553.000000, 9959.000000, 7066.000000, 1046.000000, 
0.960000, 1.000000, 1.000000, 0.760000, 0.780000, 0.690000, 0.750000, 0.360000, 
82706.000000, 8674.000000, 17485.000000, 18896.000000, 10987.000000, 14412.000000, 9383.000000, 2869.000000, 
59194.000000, 7779.000000, 13633.000000, 13033.000000, 8085.000000, 9327.000000, 6429.000000, 908.000000, 
0.720000, 0.900000, 0.780000, 0.690000, 0.740000, 0.650000, 0.690000, 0.320000, 
7118.000000, 507.000000, 5575.000000, 1036.000000, 

163765.000000, 10631.000000, 24544.000000, 30725.000000, 34791.000000, 33773.000000, 23459.000000, 5842.000000, 
158018.000000, 30617.000000, 38780.000000, 24273.000000, 14264.000000, 27694.000000, 19002.000000, 3388.000000, 
106388.000000, 34782.000000, 37042.000000, 13197.000000, 7966.000000, 8512.000000, 4471.000000, 418.000000, 
0.670000, 1.000000, 0.960000, 0.540000, 0.560000, 0.310000, 0.240000, 0.120000, 
123796.000000, 10631.000000, 24544.000000, 24273.000000, 14264.000000, 27694.000000, 19002.000000, 3388.000000, 
56316.000000, 9866.000000, 16023.000000, 11319.000000, 7159.000000, 7588.000000, 3954.000000, 407.000000, 
0.450000, 0.930000, 0.650000, 0.470000, 0.500000, 0.270000, 0.210000, 0.120000, 
1832.000000, 19.000000, 1443.000000, 370.000000, 

1472021.000000, 84052.000000, 202133.000000, 260393.000000, 300497.000000, 318385.000000, 235061.000000, 71500.000000, 
1331423.000000, 257142.000000, 375502.000000, 244395.000000, 141017.000000, 178008.000000, 110342.000000, 25017.000000, 
1196800.000000, 400990.000000, 274040.000000, 200946.000000, 89855.000000, 132458.000000, 83570.000000, 14941.000000, 
0.900000, 1.000000, 0.730000, 0.820000, 0.640000, 0.740000, 0.760000, 0.600000, 
984964.000000, 84052.000000, 202133.000000, 244395.000000, 141017.000000, 178008.000000, 110342.000000, 25017.000000, 
660230.000000, 71391.000000, 152528.000000, 156378.000000, 84028.000000, 109525.000000, 66538.000000, 19842.000000, 
0.670000, 0.850000, 0.750000, 0.640000, 0.600000, 0.620000, 0.600000, 0.790000, 
341177.000000, 48847.000000, 151465.000000, 140865.000000, 

679769.000000, 52059.000000, 96526.000000, 114755.000000, 137037.000000, 140802.000000, 103175.000000, 35415.000000, 
622030.000000, 216565.000000, 123553.000000, 97542.000000, 58926.000000, 71809.000000, 42302.000000, 11333.000000, 
454381.000000, 120893.000000, 162603.000000, 61849.000000, 39625.000000, 43548.000000, 23380.000000, 2483.000000, 
0.730000, 0.560000, 1.000000, 0.630000, 0.670000, 0.610000, 0.550000, 0.220000, 
430497.000000, 52059.000000, 96526.000000, 97542.000000, 58926.000000, 71809.000000, 42302.000000, 11333.000000, 
449986.000000, 43973.000000, 79182.000000, 80743.000000, 84321.000000, 82761.000000, 60033.000000, 18973.000000, 
1.000000, 0.840000, 0.820000, 0.830000, 1.000000, 1.000000, 1.000000, 1.000000, 
42307.000000, 4503.000000, 21979.000000, 15825.000000, 

255061.000000, 20001.000000, 37337.000000, 43696.000000, 49855.000000, 49981.000000, 38246.000000, 15945.000000, 
222080.000000, 59982.000000, 59727.000000, 35823.000000, 20932.000000, 24967.000000, 15273.000000, 5376.000000, 
229993.000000, 62234.000000, 70258.000000, 32529.000000, 14491.000000, 17659.000000, 20798.000000, 12024.000000, 
1.000000, 1.000000, 1.000000, 0.910000, 0.690000, 0.710000, 1.000000, 1.000000, 
159706.000000, 20001.000000, 37334.000000, 35823.000000, 20932.000000, 24967.000000, 15273.000000, 5376.000000, 
114749.000000, 17575.000000, 27858.000000, 24677.000000, 11971.000000, 14340.000000, 12717.000000, 5611.000000, 
0.720000, 0.880000, 0.750000, 0.690000, 0.570000, 0.570000, 0.830000, 1.000000, 
14118.000000, 63.000000, 7718.000000, 6337.000000, 

219175.000000, 19351.000000, 36343.000000, 42153.000000, 42826.000000, 38778.000000, 29161.000000, 10563.000000, 
256991.000000, 58999.000000, 71904.000000, 33270.000000, 33360.000000, 30598.000000, 22422.000000, 6438.000000, 
237549.000000, 74211.000000, 64029.000000, 31768.000000, 17923.000000, 18819.000000, 19372.000000, 11427.000000, 
0.920000, 1.000000, 0.890000, 0.950000, 0.540000, 0.620000, 0.860000, 1.000000, 
181782.000000, 19351.000000, 36343.000000, 33270.000000, 33360.000000, 30598.000000, 22422.000000, 6438.000000, 
110932.000000, 17295.000000, 24983.000000, 23638.000000, 14578.000000, 14369.000000, 11810.000000, 4259.000000, 
0.610000, 0.890000, 0.690000, 0.710000, 0.440000, 0.470000, 0.530000, 0.660000, 
20538.000000, 543.000000, 12340.000000, 7655.000000, 

491961.000000, 34071.000000, 66639.000000, 81106.000000, 98032.000000, 105395.000000, 82016.000000, 24702.000000, 
482926.000000, 87029.000000, 110806.000000, 68193.000000, 42153.000000, 90640.000000, 68766.000000, 15339.000000, 
412479.000000, 175535.000000, 65917.000000, 56144.000000, 29510.000000, 51957.000000, 29345.000000, 4071.000000, 
0.850000, 1.000000, 0.590000, 0.820000, 0.700000, 0.570000, 0.430000, 0.270000, 
385801.000000, 34071.000000, 66639.000000, 68193.000000, 42153.000000, 90640.000000, 68766.000000, 15339.000000, 
221695.000000, 49049.000000, 34692.000000, 44699.000000, 25164.000000, 41913.000000, 23033.000000, 3145.000000, 
0.570000, 1.000000, 0.520000, 0.660000, 0.600000, 0.460000, 0.330000, 0.210000, 
47659.000000, 20386.000000, 19062.000000, 8211.000000, 

753992.000000, 48699.000000, 95585.000000, 121119.000000, 150115.000000, 163465.000000, 129864.000000, 45145.000000, 
684123.000000, 154850.000000, 177772.000000, 112635.000000, 70541.000000, 91520.000000, 61004.000000, 15801.000000, 
656596.000000, 167029.000000, 206356.000000, 96469.000000, 59695.000000, 72952.000000, 48716.000000, 5379.000000, 
0.960000, 1.000000, 1.000000, 0.860000, 0.850000, 0.800000, 0.800000, 0.340000, 
495785.000000, 48699.000000, 95585.000000, 112635.000000, 70541.000000, 91520.000000, 61004.000000, 15801.000000, 
331238.000000, 43757.000000, 73440.000000, 69425.000000, 48002.000000, 55714.000000, 36542.000000, 4358.000000, 
0.670000, 0.900000, 0.770000, 0.620000, 0.680000, 0.610000, 0.600000, 0.280000, 
69356.000000, 729.000000, 47959.000000, 20668.000000, 

136828.000000, 7247.000000, 15182.000000, 20699.000000, 25729.000000, 30110.000000, 25181.000000, 12680.000000, 
142987.000000, 27806.000000, 26709.000000, 18206.000000, 11569.000000, 26789.000000, 21905.000000, 10003.000000, 
124004.000000, 9938.000000, 50250.000000, 22217.000000, 14426.000000, 14108.000000, 10156.000000, 2909.000000, 
0.870000, 0.360000, 1.000000, 1.000000, 1.000000, 0.530000, 0.460000, 0.290000, 
110901.000000, 7247.000000, 15182.000000, 18206.000000, 11569.000000, 26789.000000, 21905.000000, 10003.000000, 
65337.000000, 3182.000000, 13707.000000, 13316.000000, 11353.000000, 12635.000000, 8689.000000, 2455.000000, 
0.590000, 0.440000, 0.900000, 0.730000, 0.980000, 0.470000, 0.400000, 0.250000, 
10360.000000, 369.000000, 6207.000000, 3784.000000, 

523789.000000, 37841.000000, 74351.000000, 87293.000000, 102308.000000, 108005.000000, 86178.000000, 27813.000000, 
597599.000000, 118973.000000, 128267.000000, 75845.000000, 88955.000000, 93751.000000, 74008.000000, 17800.000000, 
510250.000000, 122072.000000, 162617.000000, 67049.000000, 55717.000000, 56555.000000, 39545.000000, 6695.000000, 
0.850000, 1.000000, 1.000000, 0.880000, 0.630000, 0.600000, 0.530000, 0.380000, 
462551.000000, 37841.000000, 74351.000000, 75845.000000, 88955.000000, 93751.000000, 74008.000000, 17800.000000, 
274483.000000, 31237.000000, 59271.000000, 54139.000000, 46611.000000, 46510.000000, 31319.000000, 5396.000000, 
0.590000, 0.830000, 0.800000, 0.710000, 0.520000, 0.500000, 0.420000, 0.300000, 
51933.000000, 959.000000, 32988.000000, 17986.000000, 

543090.000000, 37458.000000, 70104.000000, 83024.000000, 99037.000000, 115342.000000, 101128.000000, 36997.000000, 
579304.000000, 101137.000000, 117775.000000, 69740.000000, 83191.000000, 96887.000000, 83936.000000, 26638.000000, 
641570.000000, 178661.000000, 155265.000000, 74621.000000, 74972.000000, 82506.000000, 61073.000000, 14472.000000, 
1.000000, 1.000000, 1.000000, 1.000000, 0.900000, 0.850000, 0.730000, 0.540000, 
467954.000000, 37458.000000, 70104.000000, 69740.000000, 83191.000000, 96887.000000, 83936.000000, 26638.000000, 
366919.000000, 58042.000000, 62101.000000, 57984.000000, 61807.000000, 68222.000000, 48025.000000, 10738.000000, 
0.780000, 1.000000, 0.890000, 0.830000, 0.740000, 0.700000, 0.570000, 0.400000, 
82968.000000, 1878.000000, 42469.000000, 38621.000000, 

1126951.000000, 69136.000000, 136756.000000, 178737.000000, 221780.000000, 250834.000000, 196142.000000, 73566.000000, 
1062848.000000, 179640.000000, 237873.000000, 155458.000000, 97551.000000, 175525.000000, 164191.000000, 52610.000000, 
805710.000000, 209095.000000, 228467.000000, 114247.000000, 78254.000000, 94490.000000, 67223.000000, 13934.000000, 
0.760000, 1.000000, 0.960000, 0.730000, 0.800000, 0.540000, 0.410000, 0.260000, 
851227.000000, 69136.000000, 136756.000000, 155458.000000, 97551.000000, 175525.000000, 164191.000000, 52610.000000, 
462901.000000, 58825.000000, 97261.000000, 92351.000000, 67392.000000, 79778.000000, 55388.000000, 11906.000000, 
0.540000, 0.850000, 0.710000, 0.590000, 0.690000, 0.450000, 0.340000, 0.230000, 
125222.000000, 1803.000000, 70551.000000, 52868.000000, 

416629.000000, 32232.000000, 60876.000000, 67432.000000, 77167.000000, 81555.000000, 66002.000000, 31365.000000, 
347937.000000, 82267.000000, 100009.000000, 54461.000000, 32308.000000, 40778.000000, 27061.000000, 11053.000000, 
314798.000000, 97125.000000, 107086.000000, 39958.000000, 21132.000000, 25973.000000, 17553.000000, 5971.000000, 
0.900000, 1.000000, 1.000000, 0.730000, 0.650000, 0.640000, 0.650000, 0.540000, 
258769.000000, 32232.000000, 60876.000000, 54461.000000, 32308.000000, 40778.000000, 27061.000000, 11053.000000, 
176401.000000, 28006.000000, 46286.000000, 36253.000000, 20076.000000, 24315.000000, 15969.000000, 5496.000000, 
0.680000, 0.870000, 0.760000, 0.670000, 0.620000, 0.600000, 0.590000, 0.500000, 
44368.000000, 1633.000000, 32979.000000, 9756.000000, 

391852.000000, 36640.000000, 66714.000000, 69018.000000, 76723.000000, 76830.000000, 53766.000000, 12161.000000, 
427432.000000, 100760.000000, 82058.000000, 59355.000000, 65215.000000, 66074.000000, 45701.000000, 8269.000000, 
308486.000000, 101032.000000, 110447.000000, 39170.000000, 21021.000000, 21839.000000, 13210.000000, 1767.000000, 
0.720000, 1.000000, 1.000000, 0.660000, 0.320000, 0.330000, 0.290000, 0.210000, 
347968.000000, 36640.000000, 66714.000000, 59355.000000, 65215.000000, 66074.000000, 45701.000000, 8269.000000, 
142280.000000, 28138.000000, 40276.000000, 28981.000000, 16746.000000, 16601.000000, 10134.000000, 1404.000000, 
0.410000, 0.770000, 0.600000, 0.490000, 0.260000, 0.250000, 0.220000, 0.170000, 
44451.000000, 1686.000000, 25602.000000, 17163.000000, 

643125.000000, 45389.000000, 88324.000000, 107400.000000, 126014.000000, 134590.000000, 107044.000000, 34364.000000, 
517916.000000, 106664.000000, 146618.000000, 90216.000000, 52926.000000, 67295.000000, 43888.000000, 10309.000000, 
617789.000000, 168322.000000, 187962.000000, 95279.000000, 50120.000000, 55174.000000, 46227.000000, 14705.000000, 
1.000000, 1.000000, 1.000000, 1.000000, 0.950000, 0.820000, 1.000000, 1.000000, 
398347.000000, 45389.000000, 88324.000000, 90216.000000, 52926.000000, 67295.000000, 43888.000000, 10309.000000, 
278622.000000, 41175.000000, 66266.000000, 58143.000000, 35060.000000, 38829.000000, 30729.000000, 8420.000000, 
0.700000, 0.910000, 0.750000, 0.640000, 0.660000, 0.580000, 0.700000, 0.820000, 
65568.000000, 1194.000000, 37613.000000, 26761.000000, 

64071.000000, 5520.000000, 10120.000000, 12120.000000, 12269.000000, 11653.000000, 9191.000000, 3198.000000, 
53844.000000, 13791.000000, 15778.000000, 9570.000000, 4781.000000, 5473.000000, 3491.000000, 960.000000, 
54006.000000, 20116.000000, 17163.000000, 7273.000000, 2476.000000, 3943.000000, 2693.000000, 342.000000, 
1.000000, 1.000000, 1.000000, 0.760000, 0.520000, 0.720000, 0.770000, 0.360000, 
39915.000000, 5520.000000, 10120.000000, 9570.000000, 4781.000000, 5473.000000, 3491.000000, 960.000000, 
24490.000000, 5118.000000, 6707.000000, 5311.000000, 1933.000000, 3079.000000, 2056.000000, 286.000000, 
0.610000, 0.930000, 0.660000, 0.550000, 0.400000, 0.560000, 0.590000, 0.300000, 
384.000000, 7.000000, 200.000000, 177.000000, 

163672.000000, 13625.000000, 25502.000000, 30153.000000, 32633.000000, 32028.000000, 23961.000000, 5770.000000, 
193748.000000, 40847.000000, 51755.000000, 24727.000000, 27078.000000, 26581.000000, 19404.000000, 3356.000000, 
138764.000000, 47899.000000, 45224.000000, 17442.000000, 6085.000000, 11959.000000, 9398.000000, 757.000000, 
0.720000, 1.000000, 0.870000, 0.710000, 0.220000, 0.450000, 0.480000, 0.230000, 
140273.000000, 13625.000000, 25502.000000, 24727.000000, 27078.000000, 26581.000000, 19404.000000, 3356.000000, 
72741.000000, 13402.000000, 19386.000000, 15043.000000, 5614.000000, 10746.000000, 7910.000000, 640.000000, 
0.520000, 0.980000, 0.760000, 0.610000, 0.210000, 0.400000, 0.410000, 0.190000, 
8408.000000, 42.000000, 4850.000000, 3516.000000, 

163407.000000, 17045.000000, 28616.000000, 28823.000000, 30527.000000, 29943.000000, 21184.000000, 7269.000000, 
137713.000000, 41760.000000, 40635.000000, 21041.000000, 11295.000000, 13175.000000, 7626.000000, 2181.000000, 
117677.000000, 47551.000000, 33671.000000, 15910.000000, 8565.000000, 7949.000000, 3676.000000, 355.000000, 
0.850000, 1.000000, 0.830000, 0.760000, 0.760000, 0.600000, 0.480000, 0.160000, 
100979.000000, 17045.000000, 28616.000000, 21041.000000, 11295.000000, 13175.000000, 7626.000000, 2181.000000, 
59747.000000, 16309.000000, 16578.000000, 11208.000000, 7218.000000, 5725.000000, 2468.000000, 241.000000, 
0.590000, 0.960000, 0.580000, 0.530000, 0.640000, 0.430000, 0.320000, 0.110000, 
3270.000000, 86.000000, 1701.000000, 1483.000000, 

92694.000000, 5869.000000, 11791.000000, 14897.000000, 18506.000000, 21141.000000, 16061.000000, 4429.000000, 
87196.000000, 17047.000000, 18497.000000, 11965.000000, 7610.000000, 16996.000000, 12604.000000, 2477.000000, 
55748.000000, 14050.000000, 15869.000000, 6677.000000, 6515.000000, 7305.000000, 4629.000000, 703.000000, 
0.640000, 0.820000, 0.860000, 0.560000, 0.860000, 0.430000, 0.370000, 0.280000, 
69179.000000, 5869.000000, 11658.000000, 11965.000000, 7610.000000, 16996.000000, 12604.000000, 2477.000000, 
43398.000000, 4983.000000, 8428.000000, 7887.000000, 7605.000000, 8502.000000, 5282.000000, 711.000000, 
0.630000, 0.850000, 0.720000, 0.660000, 1.000000, 0.500000, 0.420000, 0.290000, 
5300.000000, 90.000000, 4180.000000, 1030.000000, 

605041.000000, 39805.000000, 90351.000000, 107657.000000, 120383.000000, 124778.000000, 93026.000000, 29041.000000, 
710068.000000, 121803.000000, 160825.000000, 97968.000000, 109549.000000, 113548.000000, 83723.000000, 22652.000000, 
652703.000000, 147766.000000, 194253.000000, 99431.000000, 71840.000000, 76830.000000, 52863.000000, 9720.000000, 
0.920000, 1.000000, 1.000000, 1.000000, 0.660000, 0.680000, 0.630000, 0.430000, 
557596.000000, 39805.000000, 90351.000000, 97968.000000, 109549.000000, 113548.000000, 83723.000000, 22652.000000, 
338979.000000, 36639.000000, 71759.000000, 69092.000000, 56826.000000, 59081.000000, 38565.000000, 7017.000000, 
0.610000, 0.920000, 0.790000, 0.710000, 0.520000, 0.520000, 0.460000, 0.310000, 
90051.000000, 2405.000000, 46739.000000, 40907.000000, 

331109.000000, 21837.000000, 44369.000000, 57465.000000, 68067.000000, 71258.000000, 54660.000000, 13453.000000, 
328409.000000, 102634.000000, 82526.000000, 51144.000000, 29949.000000, 37054.000000, 22411.000000, 2691.000000, 
260534.000000, 104799.000000, 46184.000000, 34379.000000, 26808.000000, 30896.000000, 16666.000000, 802.000000, 
0.790000, 1.000000, 0.560000, 0.670000, 0.900000, 0.830000, 0.740000, 0.300000, 
209455.000000, 21837.000000, 44369.000000, 51144.000000, 29949.000000, 37054.000000, 22411.000000, 2691.000000, 
140114.000000, 19202.000000, 30097.000000, 27489.000000, 22724.000000, 24737.000000, 14287.000000, 1578.000000, 
0.670000, 0.880000, 0.680000, 0.540000, 0.760000, 0.670000, 0.640000, 0.590000, 
6695.000000, 147.000000, 3934.000000, 2614.000000, 

2006098.000000, 151439.000000, 284363.000000, 322473.000000, 358116.000000, 390078.000000, 333847.000000, 165782.000000, 
2184793.000000, 645741.000000, 353905.000000, 277920.000000, 156501.000000, 340028.000000, 281943.000000, 128755.000000, 
2038145.000000, 422694.000000, 571547.000000, 325469.000000, 243543.000000, 257620.000000, 170682.000000, 46590.000000, 
0.930000, 0.650000, 1.000000, 1.000000, 1.000000, 0.760000, 0.610000, 0.360000, 
1620949.000000, 151439.000000, 284363.000000, 277920.000000, 156501.000000, 340028.000000, 281943.000000, 128755.000000, 
1022485.000000, 117580.000000, 203827.000000, 196725.000000, 170391.000000, 179351.000000, 119651.000000, 34960.000000, 
0.630000, 0.780000, 0.720000, 0.710000, 1.000000, 0.530000, 0.420000, 0.270000, 
0.000000, 0.000000, 0.000000, 0.000000, 

1010922.000000, 80269.000000, 156138.000000, 192229.000000, 195684.000000, 184337.000000, 143777.000000, 58488.000000, 
2253869.000000, 166893.000000, 271617.000000, 1667068.000000, 39104.000000, 60731.000000, 28697.000000, 19759.000000, 
810831.000000, 265462.000000, 284150.000000, 122813.000000, 52589.000000, 54034.000000, 28507.000000, 3276.000000, 
0.360000, 1.000000, 1.000000, 0.070000, 1.000000, 0.890000, 0.990000, 0.170000, 
576835.000000, 80269.000000, 156136.000000, 192139.000000, 39104.000000, 60731.000000, 28697.000000, 19759.000000, 
447396.000000, 74256.000000, 125043.000000, 114207.000000, 51113.000000, 52253.000000, 27349.000000, 3175.000000, 
0.780000, 0.930000, 0.800000, 0.590000, 1.000000, 0.860000, 0.950000, 0.160000, 
79902.000000, 352.000000, 63071.000000, 16479.000000, 

45755.000000, 3795.000000, 7078.000000, 8416.000000, 8397.000000, 8415.000000, 6503.000000, 3151.000000, 
48540.000000, 12609.000000, 11024.000000, 6520.000000, 6174.000000, 6107.000000, 4357.000000, 1749.000000, 
31282.000000, 10467.000000, 8595.000000, 4275.000000, 2262.000000, 2974.000000, 2166.000000, 543.000000, 
0.640000, 0.830000, 0.780000, 0.660000, 0.370000, 0.490000, 0.500000, 0.310000, 
35663.000000, 3795.000000, 6961.000000, 6520.000000, 6174.000000, 6107.000000, 4357.000000, 1749.000000, 
17233.000000, 3007.000000, 4210.000000, 3532.000000, 1993.000000, 2423.000000, 1663.000000, 405.000000, 
0.480000, 0.790000, 0.600000, 0.540000, 0.320000, 0.400000, 0.380000, 0.230000, 
1735.000000, 70.000000, 921.000000, 744.000000, 

1250115.000000, 80409.000000, 158963.000000, 202453.000000, 249982.000000, 271250.000000, 210704.000000, 76354.000000, 
1312812.000000, 246052.000000, 208242.000000, 176134.000000, 217484.000000, 235988.000000, 176991.000000, 51921.000000, 
924742.000000, 242831.000000, 292006.000000, 139800.000000, 84371.000000, 92102.000000, 66613.000000, 7019.000000, 
0.700000, 0.990000, 1.000000, 0.790000, 0.390000, 0.390000, 0.380000, 0.140000, 
1097890.000000, 80409.000000, 158963.000000, 176134.000000, 217484.000000, 235988.000000, 176991.000000, 51921.000000, 
564369.000000, 82498.000000, 137130.000000, 121170.000000, 77211.000000, 82820.000000, 57453.000000, 6087.000000, 
0.510000, 1.000000, 0.860000, 0.690000, 0.360000, 0.350000, 0.320000, 0.120000, 
92170.000000, 1362.000000, 55736.000000, 35072.000000, 

517679.000000, 37389.000000, 72475.000000, 91826.000000, 106022.000000, 107019.000000, 79286.000000, 23662.000000, 
415060.000000, 109924.000000, 90594.000000, 77134.000000, 44529.000000, 53510.000000, 32507.000000, 6862.000000, 
301230.000000, 103954.000000, 90146.000000, 41306.000000, 24790.000000, 25754.000000, 14148.000000, 1132.000000, 
0.730000, 0.950000, 1.000000, 0.540000, 0.560000, 0.480000, 0.440000, 0.160000, 
324406.000000, 37389.000000, 72475.000000, 77134.000000, 44529.000000, 53510.000000, 32507.000000, 6862.000000, 
169847.000000, 33161.000000, 43440.000000, 34793.000000, 22156.000000, 22886.000000, 12361.000000, 1050.000000, 
0.520000, 0.890000, 0.600000, 0.450000, 0.500000, 0.430000, 0.380000, 0.150000, 
27539.000000, 415.000000, 17455.000000, 9669.000000, 

272379.000000, 24603.000000, 44302.000000, 49176.000000, 50747.000000, 50322.000000, 39828.000000, 13401.000000, 
206141.000000, 62738.000000, 51390.000000, 37866.000000, 19791.000000, 15600.000000, 14736.000000, 4020.000000, 
199681.000000, 76805.000000, 69051.000000, 23179.000000, 11121.000000, 11188.000000, 6984.000000, 1353.000000, 
0.970000, 1.000000, 1.000000, 0.610000, 0.560000, 0.720000, 0.470000, 0.340000, 
160918.000000, 24603.000000, 44302.000000, 37866.000000, 19791.000000, 15600.000000, 14736.000000, 4020.000000, 
102962.000000, 22064.000000, 31506.000000, 21068.000000, 10419.000000, 10337.000000, 6297.000000, 1271.000000, 
0.640000, 0.900000, 0.710000, 0.560000, 0.530000, 0.660000, 0.430000, 0.320000, 
6476.000000, 200.000000, 4401.000000, 1875.000000, 

1137248.000000, 74318.000000, 145181.000000, 182294.000000, 211661.000000, 234520.000000, 196371.000000, 92903.000000, 
1170252.000000, 231850.000000, 249647.000000, 156714.000000, 90923.000000, 203768.000000, 166568.000000, 70782.000000, 
740133.000000, 176595.000000, 216478.000000, 93523.000000, 72760.000000, 82614.000000, 74614.000000, 23549.000000, 
0.630000, 0.760000, 0.870000, 0.600000, 0.800000, 0.410000, 0.450000, 0.330000, 
908254.000000, 74318.000000, 145181.000000, 156714.000000, 90923.000000, 203768.000000, 166568.000000, 70782.000000, 
468003.000000, 59604.000000, 96252.000000, 85476.000000, 69140.000000, 77327.000000, 62043.000000, 18161.000000, 
0.520000, 0.800000, 0.660000, 0.550000, 0.760000, 0.380000, 0.370000, 0.260000, 
95825.000000, 4713.000000, 64945.000000, 26167.000000, 

110354.000000, 6687.000000, 13076.000000, 17134.000000, 21250.000000, 25273.000000, 20584.000000, 6350.000000, 
118327.000000, 24070.000000, 17522.000000, 14735.000000, 18486.000000, 21737.000000, 17472.000000, 4305.000000, 
80205.000000, 19839.000000, 22254.000000, 9377.000000, 9787.000000, 10639.000000, 7135.000000, 1174.000000, 
0.680000, 0.820000, 1.000000, 0.640000, 0.530000, 0.490000, 0.410000, 0.270000, 
96496.000000, 6686.000000, 13076.000000, 14735.000000, 18486.000000, 21736.000000, 17472.000000, 4305.000000, 
53001.000000, 5763.000000, 10021.000000, 9099.000000, 9685.000000, 10505.000000, 6847.000000, 1081.000000, 
0.550000, 0.860000, 0.770000, 0.620000, 0.520000, 0.480000, 0.390000, 0.250000, 
12003.000000, 351.000000, 6350.000000, 5302.000000, 

529255.000000, 41327.000000, 77430.000000, 86393.000000, 103184.000000, 105519.000000, 85857.000000, 29545.000000, 
440912.000000, 128940.000000, 95239.000000, 72570.000000, 44369.000000, 54870.000000, 36060.000000, 8864.000000, 
399048.000000, 156824.000000, 136106.000000, 42389.000000, 22825.000000, 23899.000000, 14816.000000, 2189.000000, 
0.910000, 1.000000, 1.000000, 0.580000, 0.510000, 0.440000, 0.410000, 0.250000, 
335490.000000, 41327.000000, 77430.000000, 72570.000000, 44369.000000, 54870.000000, 36060.000000, 8864.000000, 
192624.000000, 37930.000000, 57286.000000, 38329.000000, 21633.000000, 22297.000000, 13420.000000, 1729.000000, 
0.570000, 0.920000, 0.740000, 0.530000, 0.490000, 0.410000, 0.370000, 0.200000, 
19894.000000, 770.000000, 14888.000000, 4236.000000, 

94157.000000, 6319.000000, 13554.000000, 16701.000000, 18355.000000, 19103.000000, 15062.000000, 5063.000000, 
117295.000000, 19336.000000, 26024.000000, 16534.000000, 18355.000000, 19294.000000, 14309.000000, 3443.000000, 
68382.000000, 15566.000000, 24158.000000, 9221.000000, 5715.000000, 6523.000000, 5628.000000, 1571.000000, 
0.580000, 0.810000, 0.930000, 0.560000, 0.310000, 0.340000, 0.390000, 0.460000, 
91617.000000, 6319.000000, 13554.000000, 16534.000000, 18355.000000, 19103.000000, 14309.000000, 3443.000000, 
39908.000000, 5225.000000, 9563.000000, 7846.000000, 5146.000000, 5747.000000, 4938.000000, 1443.000000, 
0.440000, 0.830000, 0.710000, 0.470000, 0.280000, 0.300000, 0.350000, 0.420000, 
2422.000000, 13.000000, 1357.000000, 1052.000000, 

824415.000000, 56901.000000, 104868.000000, 130097.000000, 153362.000000, 162532.000000, 130855.000000, 85800.000000, 
789173.000000, 147966.000000, 139817.000000, 115691.000000, 68802.000000, 144809.000000, 114274.000000, 57814.000000, 
740067.000000, 157426.000000, 218997.000000, 109761.000000, 76047.000000, 85528.000000, 63449.000000, 28859.000000, 
0.940000, 1.000000, 1.000000, 0.950000, 1.000000, 0.590000, 0.560000, 0.500000, 
663139.000000, 56901.000000, 104848.000000, 115691.000000, 68802.000000, 144809.000000, 114274.000000, 57814.000000, 
392954.000000, 48052.000000, 80259.000000, 78447.000000, 59270.000000, 64411.000000, 43949.000000, 18566.000000, 
0.590000, 0.840000, 0.770000, 0.680000, 0.860000, 0.440000, 0.380000, 0.320000, 
62347.000000, 1713.000000, 41388.000000, 19246.000000, 

2943128.000000, 240911.000000, 482081.000000, 564576.000000, 585453.000000, 539741.000000, 371338.000000, 159028.000000, 
2961209.000000, 736470.000000, 761391.000000, 451506.000000, 228179.000000, 420651.000000, 277974.000000, 85038.000000, 
2217730.000000, 604001.000000, 765566.000000, 323348.000000, 200213.000000, 212255.000000, 104098.000000, 8249.000000, 
0.750000, 0.820000, 1.000000, 0.720000, 0.880000, 0.500000, 0.370000, 0.100000, 
2186066.000000, 240809.000000, 481909.000000, 451506.000000, 228179.000000, 420651.000000, 277974.000000, 85038.000000, 
1311475.000000, 197019.000000, 346661.000000, 284930.000000, 186008.000000, 193843.000000, 95399.000000, 7615.000000, 
0.600000, 0.820000, 0.720000, 0.630000, 0.820000, 0.460000, 0.340000, 0.090000, 
187716.000000, 9731.000000, 121877.000000, 56108.000000, 

169498.000000, 21831.000000, 34665.000000, 35316.000000, 29599.000000, 25134.000000, 17802.000000, 5151.000000, 
232537.000000, 127028.000000, 39514.000000, 24716.000000, 9765.000000, 17837.000000, 11564.000000, 2113.000000, 
155219.000000, 88145.000000, 30935.000000, 18212.000000, 6525.000000, 7374.000000, 3838.000000, 190.000000, 
0.670000, 0.690000, 0.780000, 0.740000, 0.670000, 0.410000, 0.330000, 0.090000, 
122489.000000, 21831.000000, 34663.000000, 24716.000000, 9765.000000, 17837.000000, 11564.000000, 2113.000000, 
75134.000000, 19088.000000, 23506.000000, 15855.000000, 6579.000000, 6334.000000, 3528.000000, 244.000000, 
0.610000, 0.870000, 0.680000, 0.640000, 0.670000, 0.360000, 0.310000, 0.120000, 
13194.000000, 8780.000000, 3330.000000, 1084.000000, 

59170.000000, 3532.000000, 6562.000000, 9560.000000, 12110.000000, 14210.000000, 10376.000000, 2820.000000, 
64770.000000, 12599.000000, 12193.000000, 8882.000000, 5690.000000, 13484.000000, 9705.000000, 2217.000000, 
40099.000000, 9735.000000, 11933.000000, 5394.000000, 4256.000000, 5211.000000, 3273.000000, 297.000000, 
0.620000, 0.770000, 0.980000, 0.610000, 0.750000, 0.390000, 0.340000, 0.130000, 
50072.000000, 3532.000000, 6562.000000, 8882.000000, 5690.000000, 13484.000000, 9705.000000, 2217.000000, 
25722.000000, 2735.000000, 5122.000000, 5197.000000, 4177.000000, 5092.000000, 3107.000000, 292.000000, 
0.510000, 0.770000, 0.780000, 0.590000, 0.730000, 0.380000, 0.320000, 0.130000, 
4741.000000, 35.000000, 3729.000000, 977.000000, 

563092.000000, 43078.000000, 82621.000000, 96306.000000, 111771.000000, 114530.000000, 87819.000000, 26967.000000, 
503451.000000, 134393.000000, 137144.000000, 79930.000000, 48061.000000, 58409.000000, 36881.000000, 8633.000000, 
426915.000000, 106492.000000, 152338.000000, 64918.000000, 33957.000000, 39788.000000, 26228.000000, 3194.000000, 
0.850000, 0.790000, 1.000000, 0.810000, 0.710000, 0.680000, 0.710000, 0.370000, 
357611.000000, 43078.000000, 82619.000000, 79930.000000, 48061.000000, 58409.000000, 36881.000000, 8633.000000, 
236889.000000, 32078.000000, 61700.000000, 54304.000000, 29866.000000, 34351.000000, 21819.000000, 2771.000000, 
0.660000, 0.740000, 0.750000, 0.680000, 0.620000, 0.590000, 0.590000, 0.320000, 
27880.000000, 435.000000, 15781.000000, 11664.000000, 

663501.000000, 42234.000000, 91760.000000, 114593.000000, 134958.000000, 141230.000000, 106421.000000, 32305.000000, 
492563.000000, 118244.000000, 79813.000000, 99661.000000, 89048.000000, 49408.000000, 45731.000000, 10658.000000, 
385359.000000, 91856.000000, 138017.000000, 56492.000000, 36735.000000, 39105.000000, 20648.000000, 2506.000000, 
0.780000, 0.780000, 1.000000, 0.570000, 0.410000, 0.790000, 0.450000, 0.240000, 
416553.000000, 42234.000000, 79813.000000, 99661.000000, 89048.000000, 49408.000000, 45731.000000, 10658.000000, 
244597.000000, 33083.000000, 66262.000000, 52401.000000, 34935.000000, 36852.000000, 19071.000000, 1993.000000, 
0.590000, 0.780000, 0.830000, 0.530000, 0.390000, 0.750000, 0.420000, 0.190000, 
2984.000000, 40.000000, 2056.000000, 888.000000, 

206729.000000, 13829.000000, 26821.000000, 34350.000000, 40691.000000, 44491.000000, 34816.000000, 11731.000000, 
211819.000000, 46465.000000, 45040.000000, 29178.000000, 17068.000000, 37767.000000, 29210.000000, 7091.000000, 
160348.000000, 42668.000000, 38914.000000, 27210.000000, 19197.000000, 19795.000000, 10867.000000, 1697.000000, 
0.760000, 0.920000, 0.860000, 0.930000, 1.000000, 0.520000, 0.370000, 0.240000, 
160955.000000, 13829.000000, 26812.000000, 29178.000000, 17068.000000, 37767.000000, 29210.000000, 7091.000000, 
71418.000000, 13431.000000, 16278.000000, 14523.000000, 9924.000000, 10610.000000, 6070.000000, 582.000000, 
0.440000, 0.970000, 0.610000, 0.500000, 0.580000, 0.280000, 0.210000, 0.080000, 
9314.000000, 954.000000, 5815.000000, 2545.000000, 

550491.000000, 36184.000000, 72113.000000, 100520.000000, 106659.000000, 105957.000000, 89525.000000, 39533.000000, 
429452.000000, 89374.000000, 117647.000000, 75607.000000, 43459.000000, 52911.000000, 36636.000000, 13818.000000, 
404003.000000, 115610.000000, 126270.000000, 58360.000000, 34662.000000, 35035.000000, 25404.000000, 8662.000000, 
0.940000, 1.000000, 1.000000, 0.770000, 0.800000, 0.660000, 0.690000, 0.630000, 
329175.000000, 36149.000000, 70595.000000, 75607.000000, 43459.000000, 52911.000000, 36636.000000, 13818.000000, 
237609.000000, 32084.000000, 54056.000000, 52435.000000, 33236.000000, 33553.000000, 23887.000000, 8358.000000, 
0.720000, 0.890000, 0.770000, 0.690000, 0.760000, 0.630000, 0.650000, 0.600000, 
69617.000000, 1513.000000, 44018.000000, 24086.000000, 

53211.000000, 4057.000000, 8281.000000, 9885.000000, 10077.000000, 9925.000000, 8059.000000, 2927.000000, 
52978.000000, 12171.000000, 13084.000000, 7809.000000, 4031.000000, 7841.000000, 6286.000000, 1756.000000, 
34861.000000, 13810.000000, 12351.000000, 3799.000000, 1420.000000, 2136.000000, 1260.000000, 85.000000, 
0.660000, 1.000000, 0.940000, 0.490000, 0.350000, 0.270000, 0.200000, 0.050000, 
40061.000000, 4057.000000, 8281.000000, 7809.000000, 4031.000000, 7841.000000, 6286.000000, 1756.000000, 
16892.000000, 3675.000000, 5326.000000, 3345.000000, 1338.000000, 1983.000000, 1145.000000, 80.000000, 
0.420000, 0.910000, 0.640000, 0.430000, 0.330000, 0.250000, 0.180000, 0.050000, 
391.000000, 6.000000, 284.000000, 101.000000, 

