559430.000000, 40795.000000, 81524.000000, 103148.000000, 111885.000000, 118142.000000, 82497.000000, 21439.000000, 
611287.000000, 98713.000000, 140152.000000, 89926.000000, 97072.000000, 102138.000000, 70280.000000, 13006.000000, 
422672.000000, 95408.000000, 151684.000000, 60509.000000, 40483.000000, 48043.000000, 24663.000000, 1882.000000, 
0.690000, 0.970000, 1.000000, 0.670000, 0.420000, 0.470000, 0.350000, 0.140000, 
482649.000000, 32365.000000, 77862.000000, 89926.000000, 97072.000000, 102138.000000, 70280.000000, 13006.000000, 
262018.000000, 29093.000000, 63160.000000, 57744.000000, 39483.000000, 46671.000000, 24013.000000, 1854.000000, 
0.540000, 0.900000, 0.810000, 0.640000, 0.410000, 0.460000, 0.340000, 0.140000, 
47063.000000, 1557.000000, 30210.000000, 15296.000000, 

90258.000000, 6360.000000, 12153.000000, 15098.000000, 17302.000000, 19135.000000, 14973.000000, 5237.000000, 
74111.000000, 15826.000000, 20141.000000, 12768.000000, 7515.000000, 9941.000000, 6332.000000, 1588.000000, 
53234.000000, 17923.000000, 15544.000000, 7644.000000, 3861.000000, 4511.000000, 3399.000000, 352.000000, 
0.720000, 1.000000, 0.770000, 0.600000, 0.510000, 0.450000, 0.540000, 0.220000, 
54908.000000, 5189.000000, 11575.000000, 12768.000000, 7515.000000, 9941.000000, 6332.000000, 1588.000000, 
30205.000000, 4766.000000, 7551.000000, 6661.000000, 3644.000000, 4197.000000, 3051.000000, 335.000000, 
0.550000, 0.920000, 0.650000, 0.520000, 0.480000, 0.420000, 0.480000, 0.210000, 
11.000000, 0.000000, 1.000000, 10.000000, 

805482.000000, 53265.000000, 111887.000000, 151155.000000, 164910.000000, 166749.000000, 116015.000000, 41501.000000, 
779880.000000, 151857.000000, 179618.000000, 125293.000000, 69071.000000, 137552.000000, 91443.000000, 25046.000000, 
724417.000000, 209755.000000, 205405.000000, 101613.000000, 77131.000000, 79457.000000, 43586.000000, 7470.000000, 
0.930000, 1.000000, 1.000000, 0.810000, 1.000000, 0.580000, 0.480000, 0.300000, 
597474.000000, 39546.000000, 109523.000000, 125293.000000, 69071.000000, 137552.000000, 91443.000000, 25046.000000, 
385646.000000, 39546.000000, 84963.000000, 85141.000000, 65888.000000, 67555.000000, 36049.000000, 6504.000000, 
0.650000, 1.000000, 0.780000, 0.680000, 0.950000, 0.490000, 0.390000, 0.260000, 
34782.000000, 620.000000, 19432.000000, 14730.000000, 

417502.000000, 27034.000000, 57805.000000, 79448.000000, 86257.000000, 89346.000000, 61848.000000, 15764.000000, 
384276.000000, 72937.000000, 73482.000000, 69074.000000, 36138.000000, 74368.000000, 49686.000000, 8591.000000, 
237706.000000, 67561.000000, 75144.000000, 41506.000000, 18565.000000, 22353.000000, 11935.000000, 642.000000, 
0.620000, 0.930000, 1.000000, 0.600000, 0.510000, 0.300000, 0.240000, 0.070000, 
311900.000000, 19607.000000, 54436.000000, 69074.000000, 36138.000000, 74368.000000, 49686.000000, 8591.000000, 
144024.000000, 18326.000000, 35684.000000, 38659.000000, 17842.000000, 21475.000000, 11412.000000, 626.000000, 
0.460000, 0.930000, 0.660000, 0.560000, 0.490000, 0.290000, 0.230000, 0.070000, 
17868.000000, 388.000000, 8597.000000, 8883.000000, 

4691754.000000, 311634.000000, 636366.000000, 829225.000000, 880094.000000, 952172.000000, 760851.000000, 321412.000000, 
2243955.000000, 502874.000000, 867443.000000, 375125.000000, 149536.000000, 124565.000000, 124344.000000, 100068.000000, 
2510822.000000, 469553.000000, 875793.000000, 462273.000000, 255236.000000, 244757.000000, 167666.000000, 35544.000000, 
1.000000, 0.930000, 1.000000, 1.000000, 1.000000, 1.000000, 1.000000, 0.360000, 
1693562.000000, 230708.000000, 589216.000000, 375125.000000, 149536.000000, 124565.000000, 124344.000000, 100068.000000, 
1547277.000000, 187756.000000, 403520.000000, 366041.000000, 215906.000000, 205629.000000, 139876.000000, 28549.000000, 
0.910000, 0.810000, 0.680000, 0.980000, 1.000000, 1.000000, 1.000000, 0.290000, 
347643.000000, 2825.000000, 220754.000000, 124064.000000, 

420327.000000, 30397.000000, 65182.000000, 84908.000000, 89276.000000, 81333.000000, 52404.000000, 16827.000000, 
0.000000, 0.000000, 0.000000, 0.000000, 0.000000, 0.000000, 0.000000, 0.000000, 
316138.000000, 84498.000000, 105884.000000, 48754.000000, 29476.000000, 29163.000000, 15107.000000, 3256.000000, 
0.000000, 0.000000, 0.000000, 0.000000, 0.000000, 0.000000, 0.000000, 0.000000, 
0.000000, 0.000000, 0.000000, 0.000000, 0.000000, 0.000000, 0.000000, 0.000000, 
186657.000000, 22492.000000, 48224.000000, 44327.000000, 27922.000000, 27090.000000, 13671.000000, 2931.000000, 
0.000000, 0.000000, 0.000000, 0.000000, 0.000000, 0.000000, 0.000000, 0.000000, 
1305.000000, 8.000000, 841.000000, 456.000000, 

317562.000000, 17693.000000, 37687.000000, 52171.000000, 61902.000000, 71597.000000, 54630.000000, 21882.000000, 
362259.000000, 50201.000000, 82691.000000, 46800.000000, 55385.000000, 64108.000000, 48043.000000, 15031.000000, 
289506.000000, 50518.000000, 86364.000000, 43409.000000, 33714.000000, 41472.000000, 28144.000000, 5885.000000, 
0.800000, 1.000000, 1.000000, 0.930000, 0.610000, 0.650000, 0.590000, 0.390000, 
278507.000000, 12872.000000, 36268.000000, 46800.000000, 55385.000000, 64108.000000, 48043.000000, 15031.000000, 
146284.000000, 10500.000000, 26746.000000, 30116.000000, 24768.000000, 30197.000000, 19779.000000, 4178.000000, 
0.530000, 0.820000, 0.740000, 0.640000, 0.450000, 0.470000, 0.410000, 0.280000, 
63434.000000, 2944.000000, 38844.000000, 21646.000000, 

101208.000000, 6685.000000, 14184.000000, 18250.000000, 20035.000000, 20742.000000, 15318.000000, 5994.000000, 
110346.000000, 21018.000000, 24437.000000, 15432.000000, 16624.000000, 17091.000000, 12053.000000, 3691.000000, 
80544.000000, 19543.000000, 24437.000000, 11670.000000, 9356.000000, 9340.000000, 5126.000000, 1072.000000, 
0.730000, 0.930000, 1.000000, 0.760000, 0.560000, 0.550000, 0.430000, 0.290000, 
83556.000000, 5089.000000, 13576.000000, 15432.000000, 16624.000000, 17091.000000, 12053.000000, 3691.000000, 
49119.000000, 4727.000000, 10942.000000, 10695.000000, 8756.000000, 8558.000000, 4512.000000, 929.000000, 
0.590000, 0.930000, 0.810000, 0.690000, 0.530000, 0.500000, 0.370000, 0.250000, 
540.000000, 8.000000, 305.000000, 227.000000, 

91341.000000, 5913.000000, 12372.000000, 15149.000000, 16099.000000, 18842.000000, 16860.000000, 6106.000000, 
81377.000000, 14858.000000, 17886.000000, 11191.000000, 6119.000000, 14325.000000, 12645.000000, 4353.000000, 
80467.000000, 17453.000000, 13276.000000, 12058.000000, 11764.000000, 11749.000000, 11059.000000, 3108.000000, 
0.990000, 1.000000, 0.740000, 1.000000, 1.000000, 0.820000, 0.870000, 0.710000, 
65381.000000, 4824.000000, 11924.000000, 11191.000000, 6119.000000, 14325.000000, 12645.000000, 4353.000000, 
53013.000000, 4336.000000, 9579.000000, 10019.000000, 9062.000000, 9690.000000, 7747.000000, 2580.000000, 
0.810000, 0.900000, 0.800000, 0.900000, 1.000000, 0.680000, 0.610000, 0.590000, 
9374.000000, 1228.000000, 5204.000000, 2942.000000, 

2035073.000000, 139903.000000, 291391.000000, 375976.000000, 399075.000000, 422781.000000, 302961.000000, 102986.000000, 
2022943.000000, 409346.000000, 494076.000000, 317292.000000, 163942.000000, 339818.000000, 235153.000000, 63316.000000, 
1766191.000000, 632059.000000, 413181.000000, 268472.000000, 170761.000000, 179556.000000, 91337.000000, 10825.000000, 
0.870000, 1.000000, 0.840000, 0.850000, 1.000000, 0.530000, 0.390000, 0.170000, 
1508933.000000, 111834.000000, 277578.000000, 317292.000000, 163942.000000, 339818.000000, 235153.000000, 63316.000000, 
992014.000000, 160587.000000, 223251.000000, 222781.000000, 146891.000000, 152873.000000, 76699.000000, 8932.000000, 
0.660000, 1.000000, 0.800000, 0.700000, 0.900000, 0.450000, 0.330000, 0.140000, 
144801.000000, 6556.000000, 91348.000000, 46897.000000, 

1206083.000000, 99494.000000, 188570.000000, 227967.000000, 235666.000000, 236803.000000, 164892.000000, 52691.000000, 
1679799.000000, 640504.000000, 344021.000000, 181922.000000, 185802.000000, 186626.000000, 123951.000000, 16973.000000, 
860390.000000, 357292.000000, 201439.000000, 127624.000000, 70224.000000, 73312.000000, 29387.000000, 1112.000000, 
0.510000, 0.560000, 0.590000, 0.700000, 0.380000, 0.390000, 0.240000, 0.070000, 
933458.000000, 64437.000000, 173748.000000, 181922.000000, 185801.000000, 186626.000000, 123951.000000, 16973.000000, 
478043.000000, 56528.000000, 133536.000000, 118601.000000, 68144.000000, 68994.000000, 29976.000000, 2264.000000, 
0.510000, 0.880000, 0.770000, 0.650000, 0.370000, 0.370000, 0.240000, 0.130000, 
72368.000000, 8754.000000, 52418.000000, 11196.000000, 

152235.000000, 8814.000000, 19198.000000, 25774.000000, 29783.000000, 32126.000000, 24700.000000, 11840.000000, 
121995.000000, 19237.000000, 33913.000000, 23034.000000, 13397.000000, 17433.000000, 10990.000000, 3991.000000, 
117218.000000, 27540.000000, 37902.000000, 17816.000000, 11199.000000, 12488.000000, 8880.000000, 1393.000000, 
0.960000, 1.000000, 1.000000, 0.770000, 0.840000, 0.720000, 0.810000, 0.350000, 
92427.000000, 5919.000000, 17663.000000, 23034.000000, 13397.000000, 17433.000000, 10990.000000, 3991.000000, 
70061.000000, 7099.000000, 15320.000000, 16136.000000, 10497.000000, 11703.000000, 8061.000000, 1245.000000, 
0.760000, 1.000000, 0.870000, 0.700000, 0.780000, 0.670000, 0.730000, 0.310000, 
8943.000000, 674.000000, 6821.000000, 1448.000000, 

180157.000000, 12428.000000, 25529.000000, 33650.000000, 37804.000000, 38610.000000, 25254.000000, 6882.000000, 
226758.000000, 65541.000000, 49470.000000, 26945.000000, 30637.000000, 31271.000000, 20142.000000, 2752.000000, 
108109.000000, 30750.000000, 34358.000000, 15524.000000, 9687.000000, 11347.000000, 5725.000000, 718.000000, 
0.480000, 0.470000, 0.690000, 0.580000, 0.320000, 0.360000, 0.280000, 0.260000, 
148895.000000, 12413.000000, 24735.000000, 26945.000000, 30637.000000, 31271.000000, 20142.000000, 2752.000000, 
67968.000000, 10667.000000, 17204.000000, 14155.000000, 9242.000000, 10667.000000, 5349.000000, 684.000000, 
0.460000, 0.860000, 0.700000, 0.530000, 0.300000, 0.340000, 0.270000, 0.250000, 
4834.000000, 40.000000, 3048.000000, 1746.000000, 

1631168.000000, 80572.000000, 207442.000000, 295160.000000, 340540.000000, 359997.000000, 264443.000000, 83014.000000, 
1429105.000000, 238008.000000, 392533.000000, 280045.000000, 163144.000000, 203894.000000, 123517.000000, 27964.000000, 
1594897.000000, 261752.000000, 452752.000000, 320206.000000, 168146.000000, 241928.000000, 127839.000000, 22274.000000, 
1.000000, 1.000000, 1.000000, 1.000000, 1.000000, 1.000000, 1.000000, 0.800000, 
1066079.000000, 65042.000000, 202473.000000, 280045.000000, 163144.000000, 203894.000000, 123517.000000, 27964.000000, 
821304.000000, 59530.000000, 165184.000000, 195035.000000, 123147.000000, 165774.000000, 90360.000000, 22274.000000, 
0.770000, 0.920000, 0.820000, 0.700000, 0.750000, 0.810000, 0.730000, 0.800000, 
467018.000000, 62175.000000, 208184.000000, 196659.000000, 

772155.000000, 50621.000000, 104469.000000, 134321.000000, 156703.000000, 168502.000000, 119722.000000, 37817.000000, 
934637.000000, 170106.000000, 230945.000000, 119082.000000, 138763.000000, 148885.000000, 101809.000000, 25047.000000, 
548454.000000, 116465.000000, 174128.000000, 82763.000000, 58000.000000, 73927.000000, 39475.000000, 3696.000000, 
0.590000, 0.680000, 0.750000, 0.700000, 0.420000, 0.500000, 0.390000, 0.150000, 
671383.000000, 37386.000000, 100411.000000, 119082.000000, 138763.000000, 148885.000000, 101809.000000, 25047.000000, 
332627.000000, 33474.000000, 73591.000000, 69744.000000, 52479.000000, 65104.000000, 34832.000000, 3403.000000, 
0.500000, 0.900000, 0.730000, 0.590000, 0.380000, 0.440000, 0.340000, 0.140000, 
95574.000000, 5096.000000, 40862.000000, 49616.000000, 

299743.000000, 20605.000000, 41458.000000, 53908.000000, 58626.000000, 61172.000000, 43767.000000, 20207.000000, 
231965.000000, 53541.000000, 62173.000000, 41527.000000, 23131.000000, 28698.000000, 16611.000000, 6284.000000, 
273718.000000, 61631.000000, 85702.000000, 43992.000000, 20439.000000, 24204.000000, 24089.000000, 13661.000000, 
1.000000, 1.000000, 1.000000, 1.000000, 0.880000, 0.840000, 1.000000, 1.000000, 
171047.000000, 15936.000000, 38860.000000, 41527.000000, 23131.000000, 28698.000000, 16611.000000, 6284.000000, 
138587.000000, 14928.000000, 32070.000000, 33048.000000, 16646.000000, 19872.000000, 15506.000000, 6517.000000, 
0.810000, 0.940000, 0.830000, 0.800000, 0.720000, 0.690000, 0.930000, 1.000000, 
27472.000000, 110.000000, 15831.000000, 11531.000000, 

245357.000000, 19826.000000, 39342.000000, 48675.000000, 48965.000000, 45594.000000, 31250.000000, 11705.000000, 
295497.000000, 61072.000000, 83128.000000, 40643.000000, 40504.000000, 37619.000000, 24968.000000, 7563.000000, 
235437.000000, 66360.000000, 64921.000000, 33336.000000, 20501.000000, 21412.000000, 18345.000000, 10562.000000, 
0.800000, 1.000000, 0.780000, 0.820000, 0.510000, 0.570000, 0.730000, 1.000000, 
204161.000000, 15906.000000, 36958.000000, 40643.000000, 40504.000000, 37619.000000, 24968.000000, 7563.000000, 
117108.000000, 14645.000000, 26008.000000, 26369.000000, 17185.000000, 17034.000000, 11728.000000, 4139.000000, 
0.570000, 0.920000, 0.700000, 0.650000, 0.420000, 0.450000, 0.470000, 0.550000, 
23078.000000, 338.000000, 14244.000000, 8496.000000, 

541565.000000, 34116.000000, 70435.000000, 94234.000000, 108071.000000, 119203.000000, 87330.000000, 28176.000000, 
632870.000000, 190117.000000, 103824.000000, 84762.000000, 51050.000000, 110447.000000, 76740.000000, 15930.000000, 
433526.000000, 160982.000000, 73322.000000, 67885.000000, 36138.000000, 61197.000000, 31330.000000, 2672.000000, 
0.690000, 0.850000, 0.710000, 0.800000, 0.710000, 0.550000, 0.410000, 0.170000, 
432133.000000, 26811.000000, 67387.000000, 84345.000000, 51050.000000, 109870.000000, 76740.000000, 15930.000000, 
245625.000000, 44222.000000, 38647.000000, 54491.000000, 30917.000000, 50114.000000, 25138.000000, 2096.000000, 
0.570000, 1.000000, 0.570000, 0.650000, 0.610000, 0.460000, 0.330000, 0.130000, 
49735.000000, 5845.000000, 29574.000000, 14316.000000, 

809804.000000, 46582.000000, 99278.000000, 137517.000000, 161304.000000, 181715.000000, 138554.000000, 44854.000000, 
722299.000000, 142575.000000, 187110.000000, 129966.000000, 77729.000000, 103728.000000, 65400.000000, 15791.000000, 
656604.000000, 143104.000000, 197220.000000, 106481.000000, 66033.000000, 84828.000000, 53257.000000, 5681.000000, 
0.910000, 1.000000, 1.000000, 0.820000, 0.850000, 0.820000, 0.810000, 0.360000, 
527789.000000, 37721.000000, 97454.000000, 129966.000000, 77729.000000, 103728.000000, 65400.000000, 15791.000000, 
376301.000000, 35864.000000, 78711.000000, 83875.000000, 57695.000000, 71189.000000, 43968.000000, 4999.000000, 
0.710000, 0.950000, 0.810000, 0.650000, 0.740000, 0.690000, 0.670000, 0.320000, 
136602.000000, 82982.000000, 637.000000, 52983.000000, 

133677.000000, 7418.000000, 14710.000000, 20907.000000, 25419.000000, 30172.000000, 23300.000000, 11751.000000, 
89509.000000, 15853.000000, 14137.000000, 10052.000000, 12968.000000, 16273.000000, 13408.000000, 6818.000000, 
44377.000000, 13421.000000, 11057.000000, 5235.000000, 4514.000000, 5745.000000, 3465.000000, 940.000000, 
0.500000, 0.850000, 0.780000, 0.520000, 0.350000, 0.350000, 0.260000, 0.140000, 
79661.000000, 6005.000000, 14137.000000, 10052.000000, 12968.000000, 16273.000000, 13408.000000, 6818.000000, 
30600.000000, 4841.000000, 6562.000000, 5055.000000, 4300.000000, 5467.000000, 3369.000000, 1006.000000, 
0.380000, 0.810000, 0.460000, 0.500000, 0.330000, 0.340000, 0.250000, 0.150000, 
308.000000, 34.000000, 229.000000, 45.000000, 

591820.000000, 37370.000000, 79700.000000, 103677.000000, 114399.000000, 123601.000000, 93557.000000, 39516.000000, 
662949.000000, 110091.000000, 139763.000000, 91758.000000, 101177.000000, 109297.000000, 81437.000000, 29426.000000, 
605783.000000, 138903.000000, 182444.000000, 85252.000000, 68615.000000, 71330.000000, 47740.000000, 11499.000000, 
0.910000, 1.000000, 1.000000, 0.930000, 0.680000, 0.650000, 0.590000, 0.390000, 
519981.000000, 30082.000000, 76804.000000, 91758.000000, 101177.000000, 109297.000000, 81437.000000, 29426.000000, 
325643.000000, 28005.000000, 64963.000000, 68794.000000, 57415.000000, 58995.000000, 38289.000000, 9182.000000, 
0.630000, 0.930000, 0.850000, 0.750000, 0.570000, 0.540000, 0.470000, 0.310000, 
60701.000000, 938.000000, 37652.000000, 22111.000000, 

615599.000000, 41915.000000, 81102.000000, 97931.000000, 110147.000000, 126911.000000, 106226.000000, 51367.000000, 
553607.000000, 85831.000000, 113924.000000, 70794.000000, 80846.000000, 93381.000000, 76040.000000, 32791.000000, 
775454.000000, 114802.000000, 225895.000000, 114269.000000, 100043.000000, 109725.000000, 86335.000000, 24385.000000, 
1.000000, 1.000000, 1.000000, 1.000000, 1.000000, 1.000000, 1.000000, 0.740000, 
452447.000000, 26491.000000, 72104.000000, 70794.000000, 80846.000000, 93381.000000, 76040.000000, 32791.000000, 
340476.000000, 19833.000000, 62304.000000, 63959.000000, 62349.000000, 68483.000000, 49593.000000, 13955.000000, 
0.750000, 0.750000, 0.860000, 0.900000, 0.770000, 0.730000, 0.650000, 0.430000, 
81181.000000, 2373.000000, 40977.000000, 37831.000000, 

1247782.000000, 70094.000000, 143530.000000, 197610.000000, 240086.000000, 277906.000000, 216584.000000, 101972.000000, 
1456226.000000, 245334.000000, 256241.000000, 233963.000000, 214384.000000, 247604.000000, 183326.000000, 75374.000000, 
1057259.000000, 236993.000000, 290891.000000, 155447.000000, 115327.000000, 141242.000000, 91857.000000, 25502.000000, 
0.730000, 0.970000, 1.000000, 0.660000, 0.540000, 0.570000, 0.500000, 0.340000, 
1109194.000000, 57458.000000, 139271.000000, 191777.000000, 214384.000000, 247604.000000, 183326.000000, 75374.000000, 
555422.000000, 52521.000000, 105983.000000, 112854.000000, 88801.000000, 107609.000000, 68293.000000, 19361.000000, 
0.500000, 0.910000, 0.760000, 0.590000, 0.410000, 0.430000, 0.370000, 0.260000, 
132887.000000, 2371.000000, 76705.000000, 53811.000000, 

465712.000000, 32261.000000, 65627.000000, 79580.000000, 89225.000000, 93162.000000, 69509.000000, 36348.000000, 
446070.000000, 157730.000000, 101265.000000, 64423.000000, 37248.000000, 46807.000000, 28890.000000, 9707.000000, 
345962.000000, 144907.000000, 72088.000000, 47410.000000, 26188.000000, 31433.000000, 18669.000000, 5267.000000, 
0.780000, 0.920000, 0.710000, 0.740000, 0.700000, 0.670000, 0.650000, 0.540000, 
275509.000000, 26025.000000, 62409.000000, 64423.000000, 37248.000000, 46807.000000, 28890.000000, 9707.000000, 
198808.000000, 24007.000000, 49687.000000, 45180.000000, 25988.000000, 29835.000000, 17635.000000, 6476.000000, 
0.720000, 0.920000, 0.800000, 0.700000, 0.700000, 0.640000, 0.610000, 0.670000, 
47170.000000, 11454.000000, 28423.000000, 7293.000000, 

427655.000000, 33060.000000, 64735.000000, 82464.000000, 85333.000000, 88962.000000, 58635.000000, 14466.000000, 
449800.000000, 85002.000000, 83232.000000, 72162.000000, 73009.000000, 77022.000000, 50110.000000, 9263.000000, 
286212.000000, 85785.000000, 97791.000000, 44506.000000, 21599.000000, 23217.000000, 12213.000000, 1101.000000, 
0.640000, 1.000000, 1.000000, 0.620000, 0.300000, 0.300000, 0.240000, 0.120000, 
368882.000000, 26563.000000, 60753.000000, 72162.000000, 73009.000000, 77022.000000, 50110.000000, 9263.000000, 
155949.000000, 23587.000000, 41887.000000, 38411.000000, 19497.000000, 20614.000000, 10954.000000, 999.000000, 
0.420000, 0.890000, 0.690000, 0.530000, 0.270000, 0.270000, 0.220000, 0.110000, 
46306.000000, 1127.000000, 25112.000000, 20067.000000, 

687259.000000, 43863.000000, 91265.000000, 121092.000000, 136504.000000, 147367.000000, 110291.000000, 36877.000000, 
559206.000000, 103301.000000, 156749.000000, 105508.000000, 59474.000000, 76542.000000, 46361.000000, 11271.000000, 
705461.000000, 158124.000000, 220590.000000, 123745.000000, 62846.000000, 71780.000000, 52534.000000, 15842.000000, 
1.000000, 1.000000, 1.000000, 1.000000, 1.000000, 0.940000, 1.000000, 1.000000, 
417067.000000, 31785.000000, 86126.000000, 105508.000000, 59474.000000, 76542.000000, 46361.000000, 11271.000000, 
306148.000000, 30357.000000, 69655.000000, 70773.000000, 43123.000000, 49479.000000, 33787.000000, 8974.000000, 
0.730000, 0.960000, 0.810000, 0.670000, 0.730000, 0.650000, 0.730000, 0.800000, 
79038.000000, 1368.000000, 44242.000000, 33428.000000, 

79443.000000, 5743.000000, 11555.000000, 14993.000000, 16314.000000, 16064.000000, 11162.000000, 3612.000000, 
64488.000000, 13588.000000, 18744.000000, 12299.000000, 6584.000000, 7837.000000, 4345.000000, 1091.000000, 
63001.000000, 20118.000000, 21273.000000, 9318.000000, 4072.000000, 5214.000000, 2691.000000, 315.000000, 
0.980000, 1.000000, 1.000000, 0.760000, 0.620000, 0.670000, 0.620000, 0.290000, 
47660.000000, 4606.000000, 10898.000000, 12299.000000, 6584.000000, 7837.000000, 4345.000000, 1091.000000, 
26796.000000, 4199.000000, 7344.000000, 6397.000000, 2971.000000, 3703.000000, 1939.000000, 243.000000, 
0.560000, 0.910000, 0.670000, 0.520000, 0.450000, 0.470000, 0.450000, 0.220000, 
1220.000000, 9.000000, 451.000000, 760.000000, 

164960.000000, 13604.000000, 25568.000000, 31857.000000, 34216.000000, 31748.000000, 20912.000000, 7055.000000, 
191786.000000, 46345.000000, 49605.000000, 24724.000000, 27109.000000, 25373.000000, 15716.000000, 2914.000000, 
121110.000000, 36745.000000, 40915.000000, 17893.000000, 6591.000000, 11581.000000, 6589.000000, 796.000000, 
0.630000, 0.790000, 0.820000, 0.720000, 0.240000, 0.460000, 0.420000, 0.270000, 
131661.000000, 11381.000000, 24444.000000, 24724.000000, 27109.000000, 25373.000000, 15716.000000, 2914.000000, 
121110.000000, 36745.000000, 40915.000000, 17893.000000, 6591.000000, 11581.000000, 6589.000000, 796.000000, 
0.920000, 1.000000, 1.000000, 0.720000, 0.240000, 0.460000, 0.420000, 0.270000, 
7753.000000, 85.000000, 4746.000000, 2922.000000, 

228169.000000, 19016.000000, 36003.000000, 43890.000000, 44436.000000, 42624.000000, 29090.000000, 13110.000000, 
188021.000000, 46153.000000, 55907.000000, 34036.000000, 17144.000000, 19888.000000, 11052.000000, 3841.000000, 
139609.000000, 39809.000000, 40797.000000, 24603.000000, 14807.000000, 13149.000000, 5789.000000, 655.000000, 
0.740000, 0.860000, 0.730000, 0.720000, 0.860000, 0.660000, 0.520000, 0.170000, 
134127.000000, 14888.000000, 33278.000000, 34036.000000, 17144.000000, 19888.000000, 11052.000000, 3841.000000, 
91092.000000, 15328.000000, 24268.000000, 20894.000000, 13258.000000, 11628.000000, 5118.000000, 598.000000, 
0.680000, 1.000000, 0.730000, 0.610000, 0.770000, 0.580000, 0.460000, 0.160000, 
9370.000000, 125.000000, 4925.000000, 4320.000000, 

100381.000000, 5805.000000, 12198.000000, 16702.000000, 20063.000000, 23302.000000, 17340.000000, 4971.000000, 
95332.000000, 15989.000000, 20236.000000, 14063.000000, 8541.000000, 19525.000000, 14205.000000, 2773.000000, 
77348.000000, 12826.000000, 22313.000000, 11361.000000, 10537.000000, 12157.000000, 7278.000000, 876.000000, 
0.810000, 0.800000, 1.000000, 0.810000, 1.000000, 0.620000, 0.510000, 0.320000, 
74453.000000, 4101.000000, 11245.000000, 14063.000000, 8541.000000, 19525.000000, 14205.000000, 2773.000000, 
54578.000000, 3891.000000, 9883.000000, 10844.000000, 10353.000000, 11854.000000, 6929.000000, 824.000000, 
0.730000, 0.950000, 0.880000, 0.770000, 1.000000, 0.610000, 0.490000, 0.300000, 
1849.000000, 22.000000, 1354.000000, 473.000000, 

696923.000000, 45247.000000, 96376.000000, 124852.000000, 139975.000000, 145054.000000, 106424.000000, 38995.000000, 
779945.000000, 110045.000000, 171676.000000, 112305.000000, 128162.000000, 132983.000000, 95979.000000, 28795.000000, 
712709.000000, 133240.000000, 214908.000000, 118118.000000, 88041.000000, 91687.000000, 56050.000000, 10665.000000, 
0.910000, 1.000000, 1.000000, 1.000000, 0.690000, 0.690000, 0.580000, 0.370000, 
620109.000000, 30568.000000, 91317.000000, 112305.000000, 128162.000000, 132983.000000, 95979.000000, 28795.000000, 
384652.000000, 29529.000000, 77118.000000, 82422.000000, 70716.000000, 73018.000000, 43694.000000, 8155.000000, 
0.620000, 0.970000, 0.840000, 0.730000, 0.550000, 0.550000, 0.460000, 0.280000, 
85881.000000, 1762.000000, 44665.000000, 39454.000000, 

374082.000000, 21256.000000, 47418.000000, 66729.000000, 77575.000000, 82812.000000, 61376.000000, 16916.000000, 
287385.000000, 57168.000000, 81056.000000, 52095.000000, 30679.000000, 39120.000000, 24151.000000, 3116.000000, 
279213.000000, 60952.000000, 87986.000000, 42172.000000, 29851.000000, 36559.000000, 19778.000000, 1915.000000, 
0.970000, 1.000000, 1.000000, 0.810000, 0.970000, 0.930000, 0.820000, 0.610000, 
211763.000000, 17065.000000, 45537.000000, 52095.000000, 30679.000000, 39120.000000, 24151.000000, 3116.000000, 
150808.000000, 15055.000000, 33559.000000, 33063.000000, 23712.000000, 28457.000000, 15319.000000, 1643.000000, 
0.710000, 0.880000, 0.740000, 0.630000, 0.770000, 0.730000, 0.630000, 0.530000, 
11622.000000, 239.000000, 5980.000000, 5403.000000, 

2150748.000000, 146242.000000, 298374.000000, 358887.000000, 391812.000000, 416209.000000, 341452.000000, 197772.000000, 
2302129.000000, 616343.000000, 381679.000000, 315785.000000, 174290.000000, 365357.000000, 294415.000000, 154260.000000, 
2105023.000000, 436231.000000, 634609.000000, 359584.000000, 269927.000000, 250601.000000, 134810.000000, 19261.000000, 
0.910000, 0.710000, 1.000000, 1.000000, 1.000000, 0.690000, 0.460000, 0.120000, 
1723601.000000, 135093.000000, 284401.000000, 315785.000000, 174290.000000, 365357.000000, 294415.000000, 154260.000000, 
1044274.000000, 113092.000000, 219466.000000, 223765.000000, 190638.000000, 180832.000000, 100370.000000, 16111.000000, 
0.610000, 0.840000, 0.770000, 0.710000, 1.000000, 0.490000, 0.340000, 0.100000, 
15636.000000, 316.000000, 9984.000000, 5336.000000, 

1115753.000000, 75898.000000, 162025.000000, 220034.000000, 217694.000000, 215584.000000, 154291.000000, 70227.000000, 
1095904.000000, 153405.000000, 214428.000000, 193534.000000, 181142.000000, 181311.000000, 125664.000000, 46420.000000, 
895861.000000, 245990.000000, 302027.000000, 151919.000000, 73402.000000, 78403.000000, 39108.000000, 5012.000000, 
0.820000, 1.000000, 1.000000, 0.780000, 0.410000, 0.430000, 0.310000, 0.110000, 
946475.000000, 61865.000000, 156539.000000, 193534.000000, 181142.000000, 181311.000000, 125664.000000, 46420.000000, 
522572.000000, 59503.000000, 131708.000000, 142087.000000, 71220.000000, 75833.000000, 37365.000000, 4856.000000, 
0.550000, 0.960000, 0.840000, 0.730000, 0.390000, 0.420000, 0.300000, 0.100000, 
97583.000000, 472.000000, 75380.000000, 21731.000000, 

50372.000000, 3613.000000, 7673.000000, 9965.000000, 9474.000000, 9209.000000, 6552.000000, 3886.000000, 
54535.000000, 12053.000000, 12404.000000, 8174.000000, 7585.000000, 7287.000000, 4950.000000, 2082.000000, 
32364.000000, 9385.000000, 9814.000000, 4955.000000, 2200.000000, 3427.000000, 2111.000000, 472.000000, 
0.590000, 0.780000, 0.790000, 0.610000, 0.290000, 0.470000, 0.430000, 0.230000, 
40033.000000, 2823.000000, 7132.000000, 8174.000000, 7585.000000, 7287.000000, 4950.000000, 2082.000000, 
18527.000000, 2574.000000, 4727.000000, 4230.000000, 1976.000000, 2851.000000, 1753.000000, 416.000000, 
0.460000, 0.910000, 0.660000, 0.520000, 0.260000, 0.390000, 0.350000, 0.200000, 
1838.000000, 38.000000, 939.000000, 861.000000, 

1379150.000000, 79793.000000, 170041.000000, 231049.000000, 272247.000000, 306149.000000, 227453.000000, 92418.000000, 
1671553.000000, 288617.000000, 381891.000000, 209002.000000, 247553.000000, 277594.000000, 200935.000000, 65961.000000, 
1027715.000000, 258287.000000, 316038.000000, 160806.000000, 97294.000000, 115747.000000, 69988.000000, 9555.000000, 
0.610000, 0.890000, 0.830000, 0.770000, 0.390000, 0.420000, 0.350000, 0.140000, 
1144237.000000, 48507.000000, 141441.000000, 195329.000000, 233541.000000, 264375.000000, 195083.000000, 65961.000000, 
647174.000000, 83438.000000, 148668.000000, 144684.000000, 91356.000000, 107378.000000, 63182.000000, 8468.000000, 
0.570000, 1.000000, 1.000000, 0.740000, 0.390000, 0.410000, 0.320000, 0.130000, 
102587.000000, 1431.000000, 64173.000000, 36983.000000, 

569228.000000, 37523.000000, 76430.000000, 103685.000000, 117782.000000, 122679.000000, 84631.000000, 26498.000000, 
452243.000000, 104068.000000, 98407.000000, 89857.000000, 51760.000000, 64237.000000, 35953.000000, 7961.000000, 
350263.000000, 101801.000000, 113716.000000, 51546.000000, 31368.000000, 33685.000000, 16524.000000, 1623.000000, 
0.770000, 0.980000, 1.000000, 0.570000, 0.610000, 0.520000, 0.460000, 0.200000, 
349346.000000, 26684.000000, 72894.000000, 89857.000000, 51760.000000, 64237.000000, 35953.000000, 7961.000000, 
195352.000000, 25254.000000, 50187.000000, 44421.000000, 28716.000000, 30427.000000, 14842.000000, 1505.000000, 
0.560000, 0.950000, 0.690000, 0.490000, 0.550000, 0.470000, 0.410000, 0.190000, 
4684.000000, 56.000000, 3265.000000, 1363.000000, 

339022.000000, 25245.000000, 51105.000000, 64407.000000, 64882.000000, 66369.000000, 48727.000000, 18287.000000, 
254186.000000, 57856.000000, 64911.000000, 54645.000000, 28136.000000, 22338.000000, 20118.000000, 6182.000000, 
229600.000000, 70595.000000, 82924.000000, 32786.000000, 16333.000000, 16268.000000, 8897.000000, 1797.000000, 
0.900000, 1.000000, 1.000000, 0.600000, 0.580000, 0.730000, 0.440000, 0.290000, 
197581.000000, 18080.000000, 48082.000000, 54645.000000, 28136.000000, 22338.000000, 20118.000000, 6182.000000, 
124431.000000, 17226.000000, 37371.000000, 29819.000000, 15147.000000, 15110.000000, 8072.000000, 1686.000000, 
0.630000, 0.950000, 0.780000, 0.550000, 0.540000, 0.680000, 0.400000, 0.270000, 
9180.000000, 197.000000, 5420.000000, 3563.000000, 

1222852.000000, 70187.000000, 153795.000000, 203834.000000, 228343.000000, 249880.000000, 200991.000000, 115822.000000, 
1244728.000000, 208035.000000, 271505.000000, 180133.000000, 101348.000000, 219040.000000, 172353.000000, 92314.000000, 
828639.000000, 174980.000000, 260002.000000, 117411.000000, 92210.000000, 96033.000000, 69242.000000, 18761.000000, 
0.670000, 0.840000, 0.960000, 0.650000, 0.910000, 0.440000, 0.400000, 0.200000, 
964520.000000, 53345.000000, 145987.000000, 180133.000000, 101348.000000, 219040.000000, 172353.000000, 92314.000000, 
528887.000000, 47469.000000, 112735.000000, 107644.000000, 89501.000000, 92563.000000, 62806.000000, 16169.000000, 
0.550000, 0.890000, 0.770000, 0.600000, 0.880000, 0.420000, 0.360000, 0.180000, 
96803.000000, 5592.000000, 71865.000000, 19346.000000, 

111830.000000, 6347.000000, 13344.000000, 18452.000000, 21979.000000, 25185.000000, 20237.000000, 6286.000000, 
113309.000000, 15987.000000, 22138.000000, 15336.000000, 18416.000000, 20871.000000, 16536.000000, 4025.000000, 
84367.000000, 16939.000000, 23545.000000, 11443.000000, 10543.000000, 12153.000000, 8401.000000, 1343.000000, 
0.740000, 1.000000, 1.000000, 0.750000, 0.570000, 0.580000, 0.510000, 0.330000, 
92275.000000, 4368.000000, 12723.000000, 15336.000000, 18416.000000, 20871.000000, 16536.000000, 4025.000000, 
56552.000000, 4016.000000, 10367.000000, 10698.000000, 10393.000000, 11903.000000, 7952.000000, 1223.000000, 
0.610000, 0.920000, 0.810000, 0.700000, 0.560000, 0.570000, 0.480000, 0.300000, 
11056.000000, 304.000000, 6050.000000, 4702.000000, 

591865.000000, 38926.000000, 81503.000000, 105465.000000, 116409.000000, 124446.000000, 91838.000000, 33278.000000, 
478178.000000, 116908.000000, 104294.000000, 90512.000000, 51114.000000, 65288.000000, 40142.000000, 9920.000000, 
402528.000000, 112010.000000, 144276.000000, 55849.000000, 34306.000000, 35870.000000, 18475.000000, 1742.000000, 
0.840000, 0.960000, 1.000000, 0.620000, 0.670000, 0.550000, 0.460000, 0.180000, 
366234.000000, 31427.000000, 77831.000000, 90512.000000, 51114.000000, 65288.000000, 40142.000000, 9920.000000, 
227904.000000, 29609.000000, 61023.000000, 51352.000000, 32786.000000, 34087.000000, 17391.000000, 1656.000000, 
0.620000, 0.940000, 0.780000, 0.570000, 0.640000, 0.520000, 0.430000, 0.170000, 
11223.000000, 323.000000, 7983.000000, 2917.000000, 

89232.000000, 5615.000000, 12085.000000, 16487.000000, 18019.000000, 18620.000000, 13999.000000, 4407.000000, 
94506.000000, 18953.000000, 18797.000000, 13314.000000, 14757.000000, 15214.000000, 11030.000000, 2441.000000, 
67226.000000, 14375.000000, 20150.000000, 11476.000000, 6614.000000, 7681.000000, 5885.000000, 1045.000000, 
0.710000, 0.760000, 1.000000, 0.860000, 0.450000, 0.500000, 0.530000, 0.430000, 
72180.000000, 4367.000000, 11057.000000, 13314.000000, 14757.000000, 15214.000000, 11030.000000, 2441.000000, 
36819.000000, 3887.000000, 8130.000000, 8281.000000, 5188.000000, 5909.000000, 4604.000000, 820.000000, 
0.510000, 0.890000, 0.740000, 0.620000, 0.350000, 0.390000, 0.420000, 0.340000, 
2351.000000, 27.000000, 1104.000000, 1220.000000, 

880919.000000, 55234.000000, 108246.000000, 145323.000000, 163064.000000, 177995.000000, 134561.000000, 96496.000000, 
817678.000000, 131793.000000, 144596.000000, 129581.000000, 73124.000000, 156856.000000, 116371.000000, 65357.000000, 
808777.000000, 140803.000000, 236859.000000, 136232.000000, 91003.000000, 104866.000000, 66394.000000, 32620.000000, 
0.990000, 1.000000, 1.000000, 1.000000, 1.000000, 0.670000, 0.570000, 0.500000, 
683322.000000, 40553.000000, 101480.000000, 129581.000000, 73124.000000, 156856.000000, 116371.000000, 65357.000000, 
436184.000000, 38201.000000, 84596.000000, 95602.000000, 70847.000000, 79282.000000, 46925.000000, 20731.000000, 
0.640000, 0.940000, 0.830000, 0.740000, 0.970000, 0.510000, 0.400000, 0.320000, 
81177.000000, 1238.000000, 53729.000000, 26210.000000, 

3347025.000000, 239428.000000, 515065.000000, 651927.000000, 694070.000000, 660923.000000, 430078.000000, 155534.000000, 
3779107.000000, 717880.000000, 1040718.000000, 532883.000000, 555007.000000, 518843.000000, 325300.000000, 88476.000000, 
2882488.000000, 585045.000000, 909728.000000, 473087.000000, 378584.000000, 357040.000000, 165298.000000, 13706.000000, 
0.760000, 0.810000, 0.870000, 0.890000, 0.680000, 0.690000, 0.510000, 0.150000, 
2680058.000000, 170927.000000, 488622.000000, 532883.000000, 555007.000000, 518843.000000, 325300.000000, 88476.000000, 
1749012.000000, 158750.000000, 394589.000000, 393485.000000, 331245.000000, 311884.000000, 146558.000000, 12501.000000, 
0.650000, 0.930000, 0.810000, 0.740000, 0.600000, 0.600000, 0.450000, 0.140000, 
338001.000000, 13342.000000, 203923.000000, 120736.000000, 

212960.000000, 20892.000000, 40548.000000, 47402.000000, 40787.000000, 34839.000000, 21783.000000, 6709.000000, 
232901.000000, 79965.000000, 59906.000000, 35090.000000, 14560.000000, 25143.000000, 14913.000000, 3324.000000, 
177986.000000, 62904.000000, 64501.000000, 25331.000000, 10326.000000, 9815.000000, 4830.000000, 279.000000, 
0.760000, 0.790000, 1.000000, 0.720000, 0.710000, 0.390000, 0.320000, 0.080000, 
146866.000000, 17308.000000, 36528.000000, 35090.000000, 14560.000000, 25143.000000, 14913.000000, 3324.000000, 
89747.000000, 15613.000000, 28528.000000, 22328.000000, 9600.000000, 9057.000000, 4353.000000, 268.000000, 
0.610000, 0.900000, 0.780000, 0.640000, 0.660000, 0.360000, 0.290000, 0.080000, 
14606.000000, 8175.000000, 4768.000000, 1663.000000, 

62862.000000, 3563.000000, 7012.000000, 10421.000000, 13102.000000, 15256.000000, 10647.000000, 2861.000000, 
67989.000000, 11661.000000, 13184.000000, 9905.000000, 6295.000000, 14480.000000, 10070.000000, 2394.000000, 
42707.000000, 9475.000000, 12382.000000, 6000.000000, 5044.000000, 5835.000000, 3581.000000, 390.000000, 
0.630000, 0.810000, 0.940000, 0.610000, 0.800000, 0.400000, 0.360000, 0.160000, 
52618.000000, 2605.000000, 6869.000000, 9905.000000, 6295.000000, 14480.000000, 10070.000000, 2394.000000, 
27535.000000, 2457.000000, 5450.000000, 5697.000000, 4598.000000, 5619.000000, 3353.000000, 361.000000, 
0.520000, 0.940000, 0.790000, 0.580000, 0.730000, 0.390000, 0.330000, 0.150000, 
5309.000000, 37.000000, 4155.000000, 1117.000000, 

653352.000000, 43222.000000, 91089.000000, 118634.000000, 131729.000000, 136936.000000, 99864.000000, 31878.000000, 
575966.000000, 133357.000000, 157119.000000, 102659.000000, 57520.000000, 71560.000000, 43523.000000, 10228.000000, 
511027.000000, 114857.000000, 173624.000000, 85148.000000, 46378.000000, 54355.000000, 32873.000000, 3792.000000, 
0.890000, 0.860000, 1.000000, 0.830000, 0.810000, 0.760000, 0.760000, 0.370000, 
403007.000000, 31187.000000, 86330.000000, 102659.000000, 57520.000000, 71560.000000, 43523.000000, 10228.000000, 
293188.000000, 41420.000000, 69893.000000, 67714.000000, 38896.000000, 45073.000000, 26887.000000, 3305.000000, 
0.730000, 1.000000, 0.810000, 0.660000, 0.680000, 0.630000, 0.620000, 0.320000, 
47327.000000, 702.000000, 26458.000000, 20167.000000, 

782424.000000, 43233.000000, 103348.000000, 140098.000000, 159676.000000, 171879.000000, 124186.000000, 40004.000000, 
602028.000000, 110493.000000, 136608.000000, 124612.000000, 71820.000000, 91963.000000, 54237.000000, 12295.000000, 
487620.000000, 223387.000000, 88964.000000, 63835.000000, 40638.000000, 48049.000000, 21049.000000, 1698.000000, 
0.810000, 1.000000, 0.650000, 0.510000, 0.570000, 0.520000, 0.390000, 0.140000, 
490759.000000, 36837.000000, 98995.000000, 124612.000000, 71820.000000, 91963.000000, 54237.000000, 12295.000000, 
312561.000000, 32924.000000, 76239.000000, 72812.000000, 48341.000000, 52915.000000, 25344.000000, 3986.000000, 
0.640000, 0.890000, 0.770000, 0.580000, 0.670000, 0.580000, 0.470000, 0.320000, 
11159.000000, 148.000000, 6266.000000, 4745.000000, 

219576.000000, 13799.000000, 28203.000000, 37467.000000, 43225.000000, 47629.000000, 36073.000000, 13180.000000, 
199848.000000, 45687.000000, 24200.000000, 32240.000000, 18511.000000, 40709.000000, 30291.000000, 8210.000000, 
178233.000000, 45900.000000, 43970.000000, 31638.000000, 22413.000000, 22232.000000, 11319.000000, 761.000000, 
0.890000, 1.000000, 1.000000, 0.980000, 1.000000, 0.550000, 0.370000, 0.090000, 
164050.000000, 9889.000000, 24200.000000, 32240.000000, 18511.000000, 40709.000000, 30291.000000, 8210.000000, 
75876.000000, 9601.000000, 18599.000000, 17103.000000, 11392.000000, 11962.000000, 6584.000000, 635.000000, 
0.460000, 0.970000, 0.770000, 0.530000, 0.620000, 0.290000, 0.220000, 0.080000, 
11525.000000, 1027.000000, 7406.000000, 3092.000000, 

564011.000000, 36383.000000, 75436.000000, 100900.000000, 113256.000000, 118812.000000, 87748.000000, 31476.000000, 
464191.000000, 85400.000000, 131057.000000, 88924.000000, 49517.000000, 61923.000000, 36957.000000, 10413.000000, 
440200.000000, 108172.000000, 144494.000000, 66009.000000, 43328.000000, 45737.000000, 27575.000000, 4885.000000, 
0.950000, 1.000000, 1.000000, 0.740000, 0.880000, 0.740000, 0.750000, 0.470000, 
346022.000000, 26277.000000, 72011.000000, 88924.000000, 49517.000000, 61923.000000, 36957.000000, 10413.000000, 
257234.000000, 24925.000000, 59323.000000, 58668.000000, 41225.000000, 43157.000000, 25424.000000, 4512.000000, 
0.740000, 0.950000, 0.820000, 0.660000, 0.830000, 0.700000, 0.690000, 0.430000, 
70430.000000, 1557.000000, 46250.000000, 22623.000000, 

59949.000000, 4118.000000, 8916.000000, 11614.000000, 11883.000000, 11635.000000, 8588.000000, 3195.000000, 
59810.000000, 12518.000000, 14512.000000, 9523.000000, 4871.000000, 9554.000000, 6892.000000, 1940.000000, 
47552.000000, 14851.000000, 16302.000000, 6831.000000, 2795.000000, 4286.000000, 2298.000000, 189.000000, 
0.800000, 1.000000, 1.000000, 0.720000, 0.570000, 0.450000, 0.330000, 0.100000, 
44380.000000, 3260.000000, 8340.000000, 9523.000000, 4871.000000, 9554.000000, 6892.000000, 1940.000000, 
22649.000000, 3734.000000, 6221.000000, 5013.000000, 2373.000000, 3350.000000, 1800.000000, 158.000000, 
0.510000, 1.000000, 0.750000, 0.530000, 0.490000, 0.350000, 0.260000, 0.080000, 
1667.000000, 6.000000, 898.000000, 763.000000, 

