608374.000000, 40846.000000, 79012.000000, 115408.000000, 124604.000000, 134056.000000, 90382.000000, 24066.000000, 
718256.000000, 156255.000000, 138551.000000, 102373.000000, 110044.000000, 118349.000000, 78676.000000, 14008.000000, 
440377.000000, 96442.000000, 147188.000000, 66446.000000, 45527.000000, 55014.000000, 27685.000000, 2075.000000, 
0.610000, 0.620000, 1.000000, 0.650000, 0.410000, 0.460000, 0.350000, 0.150000, 
537688.000000, 38111.000000, 76127.000000, 102373.000000, 110044.000000, 118349.000000, 78676.000000, 14008.000000, 
283094.000000, 31476.000000, 61268.000000, 63719.000000, 44345.000000, 53353.000000, 26899.000000, 2034.000000, 
0.530000, 0.830000, 0.800000, 0.620000, 0.400000, 0.450000, 0.340000, 0.150000, 
47074.000000, 1306.000000, 30760.000000, 15008.000000, 

96693.000000, 6158.000000, 12491.000000, 16637.000000, 19018.000000, 20987.000000, 15757.000000, 5645.000000, 
108423.000000, 18058.000000, 25435.000000, 13949.000000, 16164.000000, 18093.000000, 13231.000000, 3493.000000, 
53548.000000, 17364.000000, 15318.000000, 8088.000000, 3954.000000, 5170.000000, 3367.000000, 287.000000, 
0.490000, 0.960000, 0.600000, 0.580000, 0.240000, 0.290000, 0.250000, 0.080000, 
81776.000000, 5016.000000, 11830.000000, 13949.000000, 16164.000000, 18093.000000, 13231.000000, 3493.000000, 
31101.000000, 4598.000000, 7555.000000, 7133.000000, 3739.000000, 4739.000000, 3058.000000, 279.000000, 
0.380000, 0.920000, 0.640000, 0.510000, 0.230000, 0.260000, 0.230000, 0.080000, 
10.000000, 0.000000, 3.000000, 7.000000, 

806416.000000, 50883.000000, 99170.000000, 148147.000000, 171713.000000, 177614.000000, 119299.000000, 39590.000000, 
765083.000000, 142748.000000, 159111.000000, 122890.000000, 72096.000000, 148870.000000, 95882.000000, 23486.000000, 
685871.000000, 197538.000000, 180151.000000, 97819.000000, 80908.000000, 86047.000000, 40699.000000, 2709.000000, 
0.900000, 1.000000, 1.000000, 0.800000, 1.000000, 0.580000, 0.420000, 0.120000, 
597417.000000, 37174.000000, 97019.000000, 122890.000000, 72096.000000, 148870.000000, 95882.000000, 23486.000000, 
379599.000000, 37174.000000, 75783.000000, 84103.000000, 70745.000000, 74341.000000, 34974.000000, 2479.000000, 
0.640000, 1.000000, 0.780000, 0.680000, 0.980000, 0.500000, 0.360000, 0.110000, 
40842.000000, 761.000000, 21615.000000, 18466.000000, 

424731.000000, 26288.000000, 54817.000000, 82138.000000, 89733.000000, 93303.000000, 62534.000000, 15918.000000, 
385828.000000, 70748.000000, 69521.000000, 71360.000000, 37649.000000, 77959.000000, 50233.000000, 8358.000000, 
245103.000000, 66105.000000, 75669.000000, 43659.000000, 21263.000000, 25272.000000, 12485.000000, 650.000000, 
0.640000, 0.930000, 1.000000, 0.610000, 0.560000, 0.320000, 0.250000, 0.080000, 
316077.000000, 19018.000000, 51500.000000, 71360.000000, 37649.000000, 77959.000000, 50233.000000, 8358.000000, 
151717.000000, 17893.000000, 35130.000000, 41064.000000, 20579.000000, 24409.000000, 12001.000000, 641.000000, 
0.480000, 0.940000, 0.680000, 0.580000, 0.550000, 0.310000, 0.240000, 0.080000, 
17118.000000, 317.000000, 8935.000000, 7866.000000, 

4868984.000000, 302928.000000, 595251.000000, 862254.000000, 955716.000000, 1019494.000000, 794359.000000, 338982.000000, 
2233715.000000, 486154.000000, 812488.000000, 401518.000000, 164065.000000, 135202.000000, 128630.000000, 105658.000000, 
2872161.000000, 503890.000000, 922269.000000, 537709.000000, 334842.000000, 332766.000000, 201803.000000, 38882.000000, 
1.000000, 1.000000, 1.000000, 1.000000, 1.000000, 1.000000, 1.000000, 0.370000, 
1711280.000000, 223219.000000, 552988.000000, 401518.000000, 164065.000000, 135202.000000, 128630.000000, 105658.000000, 
1777490.000000, 186872.000000, 409038.000000, 428823.000000, 282507.000000, 274694.000000, 164307.000000, 31249.000000, 
1.000000, 0.840000, 0.740000, 1.000000, 1.000000, 1.000000, 1.000000, 0.300000, 
348859.000000, 2706.000000, 215759.000000, 130394.000000, 

475671.000000, 25527.000000, 63910.000000, 94672.000000, 105972.000000, 103933.000000, 62778.000000, 18879.000000, 
501173.000000, 70739.000000, 108673.000000, 81713.000000, 90472.000000, 88136.000000, 49358.000000, 12082.000000, 
332491.000000, 78532.000000, 104323.000000, 54933.000000, 36378.000000, 38289.000000, 17093.000000, 2943.000000, 
0.660000, 1.000000, 0.960000, 0.670000, 0.400000, 0.430000, 0.350000, 0.240000, 
402819.000000, 20684.000000, 60374.000000, 81713.000000, 90472.000000, 88136.000000, 49358.000000, 12082.000000, 
206763.000000, 19855.000000, 46955.000000, 50622.000000, 34792.000000, 36075.000000, 15762.000000, 2702.000000, 
0.510000, 0.960000, 0.780000, 0.620000, 0.380000, 0.410000, 0.320000, 0.220000, 
4875.000000, 28.000000, 3494.000000, 1353.000000, 

339819.000000, 18114.000000, 37092.000000, 55998.000000, 67593.000000, 78368.000000, 57797.000000, 24857.000000, 
385653.000000, 51332.000000, 82122.000000, 50370.000000, 61452.000000, 71157.000000, 51025.000000, 18195.000000, 
295675.000000, 58884.000000, 81089.000000, 42686.000000, 35098.000000, 43572.000000, 28173.000000, 6173.000000, 
0.770000, 1.000000, 0.990000, 0.850000, 0.570000, 0.610000, 0.550000, 0.340000, 
301066.000000, 13162.000000, 35705.000000, 50370.000000, 61452.000000, 71157.000000, 51025.000000, 18195.000000, 
191942.000000, 12757.000000, 31722.000000, 39939.000000, 34241.000000, 41747.000000, 26076.000000, 5460.000000, 
0.640000, 0.970000, 0.890000, 0.790000, 0.560000, 0.590000, 0.510000, 0.300000, 
0.000000, 0.000000, 0.000000, 0.000000, 

110010.000000, 6654.000000, 13981.000000, 20130.000000, 22757.000000, 23659.000000, 16472.000000, 6357.000000, 
120070.000000, 20857.000000, 24412.000000, 17559.000000, 19508.000000, 20245.000000, 13602.000000, 3887.000000, 
89065.000000, 20812.000000, 24412.000000, 13460.000000, 11541.000000, 11718.000000, 6094.000000, 1028.000000, 
0.740000, 1.000000, 1.000000, 0.770000, 0.590000, 0.580000, 0.450000, 0.260000, 
93180.000000, 4966.000000, 13413.000000, 17559.000000, 19508.000000, 20245.000000, 13602.000000, 3887.000000, 
55233.000000, 4684.000000, 10916.000000, 12281.000000, 10676.000000, 10577.000000, 5212.000000, 887.000000, 
0.590000, 0.940000, 0.810000, 0.700000, 0.550000, 0.520000, 0.380000, 0.230000, 
651.000000, 5.000000, 354.000000, 292.000000, 

97105.000000, 5811.000000, 12056.000000, 17087.000000, 17514.000000, 19058.000000, 15918.000000, 9661.000000, 
106328.000000, 20039.000000, 21745.000000, 15643.000000, 8033.000000, 17698.000000, 14594.000000, 8576.000000, 
113009.000000, 20599.000000, 30404.000000, 17562.000000, 15247.000000, 15703.000000, 10227.000000, 3267.000000, 
1.000000, 1.000000, 1.000000, 1.000000, 1.000000, 0.890000, 0.700000, 0.380000, 
80928.000000, 4693.000000, 11691.000000, 15643.000000, 8033.000000, 17698.000000, 14594.000000, 8576.000000, 
56036.000000, 4360.000000, 9504.000000, 11405.000000, 10524.000000, 10928.000000, 7044.000000, 2271.000000, 
0.690000, 0.930000, 0.810000, 0.730000, 1.000000, 0.620000, 0.480000, 0.260000, 
10238.000000, 272.000000, 6163.000000, 3803.000000, 

2228923.000000, 142418.000000, 287114.000000, 413885.000000, 454317.000000, 482447.000000, 333081.000000, 115661.000000, 
2183883.000000, 419027.000000, 495085.000000, 355477.000000, 187391.000000, 393562.000000, 262170.000000, 71171.000000, 
2136670.000000, 538491.000000, 623869.000000, 351312.000000, 256008.000000, 246307.000000, 112999.000000, 7684.000000, 
0.980000, 1.000000, 1.000000, 0.990000, 1.000000, 0.630000, 0.430000, 0.110000, 
1659271.000000, 114453.000000, 275047.000000, 355477.000000, 187391.000000, 393562.000000, 262170.000000, 71171.000000, 
983419.000000, 106671.000000, 212685.000000, 237123.000000, 166075.000000, 171795.000000, 83184.000000, 5886.000000, 
0.590000, 0.930000, 0.770000, 0.670000, 0.890000, 0.440000, 0.320000, 0.080000, 
150195.000000, 1498.000000, 94907.000000, 53790.000000, 

1279084.000000, 91541.000000, 180497.000000, 247936.000000, 263569.000000, 268975.000000, 173800.000000, 52766.000000, 
1519987.000000, 309942.000000, 373157.000000, 212123.000000, 224674.000000, 229058.000000, 141577.000000, 29456.000000, 
1015089.000000, 274946.000000, 331318.000000, 158676.000000, 101412.000000, 101788.000000, 44572.000000, 2377.000000, 
0.670000, 0.890000, 0.890000, 0.750000, 0.450000, 0.440000, 0.310000, 0.080000, 
1076180.000000, 68119.000000, 171173.000000, 212123.000000, 224674.000000, 229058.000000, 141577.000000, 29456.000000, 
578040.000000, 64928.000000, 137334.000000, 141468.000000, 95456.000000, 95314.000000, 41314.000000, 2226.000000, 
0.540000, 0.950000, 0.800000, 0.670000, 0.420000, 0.420000, 0.290000, 0.080000, 
97368.000000, 5001.000000, 76593.000000, 15774.000000, 

172452.000000, 9902.000000, 20301.000000, 30143.000000, 34936.000000, 37734.000000, 27557.000000, 11879.000000, 
126304.000000, 18671.000000, 33237.000000, 25202.000000, 14814.000000, 19253.000000, 11664.000000, 3463.000000, 
124561.000000, 25840.000000, 39121.000000, 20091.000000, 13248.000000, 15098.000000, 10040.000000, 1123.000000, 
0.990000, 1.000000, 1.000000, 0.800000, 0.890000, 0.780000, 0.860000, 0.320000, 
99190.000000, 6329.000000, 18465.000000, 25202.000000, 14814.000000, 19253.000000, 11664.000000, 3463.000000, 
76808.000000, 6128.000000, 15601.000000, 18307.000000, 12487.000000, 14074.000000, 9168.000000, 1043.000000, 
0.770000, 0.970000, 0.840000, 0.730000, 0.840000, 0.730000, 0.790000, 0.300000, 
9545.000000, 531.000000, 7365.000000, 1649.000000, 

196460.000000, 12118.000000, 25288.000000, 36481.000000, 42163.000000, 43577.000000, 28428.000000, 8405.000000, 
244136.000000, 63914.000000, 51551.000000, 30464.000000, 35306.000000, 36476.000000, 23169.000000, 3256.000000, 
134148.000000, 32786.000000, 40802.000000, 19615.000000, 15283.000000, 16682.000000, 7987.000000, 993.000000, 
0.550000, 0.510000, 0.790000, 0.640000, 0.430000, 0.460000, 0.340000, 0.300000, 
165560.000000, 12105.000000, 24784.000000, 30464.000000, 35306.000000, 36476.000000, 23169.000000, 3256.000000, 
84795.000000, 10396.000000, 18471.000000, 17754.000000, 14454.000000, 15419.000000, 7367.000000, 934.000000, 
0.510000, 0.860000, 0.750000, 0.580000, 0.410000, 0.420000, 0.320000, 0.290000, 
5525.000000, 52.000000, 3621.000000, 1852.000000, 

1696676.000000, 71343.000000, 181717.000000, 307422.000000, 370850.000000, 397818.000000, 280131.000000, 87395.000000, 
1415468.000000, 211337.000000, 338936.000000, 294986.000000, 178153.000000, 229864.000000, 133866.000000, 28326.000000, 
1507254.000000, 220719.000000, 375129.000000, 313028.000000, 180712.000000, 265922.000000, 132001.000000, 19743.000000, 
1.000000, 1.000000, 1.000000, 1.000000, 1.000000, 1.000000, 0.990000, 0.700000, 
1098631.000000, 56818.000000, 176618.000000, 294986.000000, 178153.000000, 229864.000000, 133866.000000, 28326.000000, 
810613.000000, 49991.000000, 139277.000000, 193614.000000, 133381.000000, 181172.000000, 93435.000000, 19743.000000, 
0.740000, 0.880000, 0.790000, 0.660000, 0.750000, 0.790000, 0.700000, 0.700000, 
442381.000000, 51865.000000, 187477.000000, 203039.000000, 

787383.000000, 49260.000000, 99326.000000, 138563.000000, 163263.000000, 177542.000000, 121761.000000, 37668.000000, 
692391.000000, 164018.000000, 173821.000000, 123220.000000, 72648.000000, 94301.000000, 52117.000000, 12266.000000, 
547174.000000, 113862.000000, 171249.000000, 85951.000000, 61685.000000, 74947.000000, 36133.000000, 3347.000000, 
0.790000, 0.690000, 0.990000, 0.700000, 0.850000, 0.790000, 0.690000, 0.270000, 
486106.000000, 36048.000000, 95506.000000, 123220.000000, 72648.000000, 94301.000000, 52117.000000, 12266.000000, 
334705.000000, 32211.000000, 71678.000000, 72929.000000, 55984.000000, 66456.000000, 32349.000000, 3098.000000, 
0.690000, 0.890000, 0.750000, 0.590000, 0.770000, 0.700000, 0.620000, 0.250000, 
11706.000000, 229.000000, 7618.000000, 3859.000000, 

323333.000000, 20760.000000, 41360.000000, 58437.000000, 66371.000000, 68638.000000, 46918.000000, 20849.000000, 
242612.000000, 53619.000000, 61024.000000, 45020.000000, 26262.000000, 32295.000000, 17879.000000, 6513.000000, 
282520.000000, 59869.000000, 85612.000000, 47753.000000, 24214.000000, 28222.000000, 24929.000000, 11921.000000, 
1.000000, 1.000000, 1.000000, 1.000000, 0.920000, 0.870000, 1.000000, 1.000000, 
182550.000000, 15958.000000, 38623.000000, 45020.000000, 26262.000000, 32295.000000, 17879.000000, 6513.000000, 
147398.000000, 14792.000000, 31691.000000, 35387.000000, 19865.000000, 22805.000000, 16688.000000, 6170.000000, 
0.810000, 0.930000, 0.820000, 0.790000, 0.760000, 0.710000, 0.930000, 0.950000, 
29134.000000, 116.000000, 16615.000000, 12403.000000, 

273243.000000, 19256.000000, 40416.000000, 55423.000000, 57031.000000, 54399.000000, 34512.000000, 12206.000000, 
327325.000000, 58760.000000, 88150.000000, 48086.000000, 48730.000000, 46987.000000, 28938.000000, 7674.000000, 
247683.000000, 66070.000000, 68318.000000, 38356.000000, 24097.000000, 25423.000000, 17464.000000, 7955.000000, 
0.760000, 1.000000, 0.780000, 0.800000, 0.490000, 0.540000, 0.600000, 1.000000, 
234383.000000, 15297.000000, 38671.000000, 48086.000000, 48730.000000, 46987.000000, 28938.000000, 7674.000000, 
130758.000000, 14311.000000, 27758.000000, 30916.000000, 20835.000000, 20944.000000, 12283.000000, 3711.000000, 
0.560000, 0.940000, 0.720000, 0.640000, 0.430000, 0.450000, 0.420000, 0.480000, 
24601.000000, 334.000000, 15371.000000, 8896.000000, 

549195.000000, 33683.000000, 66986.000000, 98166.000000, 113327.000000, 124445.000000, 86408.000000, 26180.000000, 
522241.000000, 83125.000000, 115004.000000, 83843.000000, 48420.000000, 106647.000000, 71066.000000, 14136.000000, 
410732.000000, 80281.000000, 124602.000000, 68714.000000, 40317.000000, 62492.000000, 30771.000000, 3555.000000, 
0.790000, 0.970000, 1.000000, 0.820000, 0.830000, 0.590000, 0.430000, 0.250000, 
414367.000000, 26691.000000, 63564.000000, 83843.000000, 48420.000000, 106647.000000, 71066.000000, 14136.000000, 
234920.000000, 23867.000000, 48804.000000, 53848.000000, 32486.000000, 49184.000000, 23890.000000, 2841.000000, 
0.570000, 0.890000, 0.770000, 0.640000, 0.670000, 0.460000, 0.340000, 0.200000, 
54698.000000, 576.000000, 35553.000000, 18569.000000, 

822800.000000, 45249.000000, 92009.000000, 143335.000000, 167266.000000, 191183.000000, 136179.000000, 47579.000000, 
714389.000000, 136896.000000, 173274.000000, 135362.000000, 78887.000000, 109035.000000, 64225.000000, 16710.000000, 
623950.000000, 137681.000000, 180452.000000, 103496.000000, 58923.000000, 86423.000000, 51153.000000, 5822.000000, 
0.870000, 1.000000, 1.000000, 0.760000, 0.750000, 0.790000, 0.800000, 0.350000, 
531273.000000, 36804.000000, 90250.000000, 135362.000000, 78887.000000, 109035.000000, 64225.000000, 16710.000000, 
350421.000000, 34678.000000, 72198.000000, 79875.000000, 50006.000000, 68555.000000, 40255.000000, 4854.000000, 
0.660000, 0.940000, 0.800000, 0.590000, 0.630000, 0.630000, 0.630000, 0.290000, 
62624.000000, 373.000000, 42042.000000, 20209.000000, 

132316.000000, 7013.000000, 13824.000000, 21196.000000, 26422.000000, 30853.000000, 22563.000000, 10445.000000, 
150345.000000, 20840.000000, 25888.000000, 19837.000000, 24729.000000, 28874.000000, 20826.000000, 9351.000000, 
140375.000000, 29819.000000, 41944.000000, 18630.000000, 16977.000000, 19390.000000, 10959.000000, 2656.000000, 
0.930000, 1.000000, 1.000000, 0.940000, 0.690000, 0.670000, 0.530000, 0.280000, 
122936.000000, 5694.000000, 13625.000000, 19837.000000, 24729.000000, 28874.000000, 20826.000000, 9351.000000, 
65527.000000, 5333.000000, 11740.000000, 12984.000000, 11953.000000, 13767.000000, 7781.000000, 1969.000000, 
0.530000, 0.940000, 0.860000, 0.650000, 0.480000, 0.480000, 0.370000, 0.210000, 
2586.000000, 19.000000, 2146.000000, 421.000000, 

643569.000000, 37814.000000, 78654.000000, 115915.000000, 129321.000000, 139593.000000, 98566.000000, 43706.000000, 
719156.000000, 111694.000000, 139986.000000, 104377.000000, 116335.000000, 125543.000000, 87326.000000, 33895.000000, 
676055.000000, 148498.000000, 185219.000000, 99132.000000, 82959.000000, 87913.000000, 57958.000000, 14376.000000, 
0.940000, 1.000000, 1.000000, 0.950000, 0.710000, 0.700000, 0.660000, 0.420000, 
574089.000000, 30519.000000, 76094.000000, 104377.000000, 116335.000000, 125543.000000, 87326.000000, 33895.000000, 
366605.000000, 28647.000000, 64857.000000, 78870.000000, 67830.000000, 70655.000000, 44657.000000, 11089.000000, 
0.640000, 0.940000, 0.850000, 0.760000, 0.580000, 0.560000, 0.510000, 0.330000, 
64716.000000, 836.000000, 38985.000000, 24895.000000, 

623561.000000, 36997.000000, 74025.000000, 104779.000000, 118651.000000, 134027.000000, 106324.000000, 48758.000000, 
610978.000000, 85158.000000, 116980.000000, 84546.000000, 96951.000000, 108956.000000, 84283.000000, 34104.000000, 
611470.000000, 95906.000000, 141368.000000, 93628.000000, 88512.000000, 97473.000000, 73664.000000, 20919.000000, 
1.000000, 1.000000, 1.000000, 1.000000, 0.910000, 0.890000, 0.870000, 0.610000, 
500970.000000, 24900.000000, 67230.000000, 84546.000000, 96951.000000, 108956.000000, 84283.000000, 34104.000000, 
356525.000000, 22047.000000, 56388.000000, 69171.000000, 68864.000000, 74710.000000, 51397.000000, 13948.000000, 
0.710000, 0.890000, 0.840000, 0.820000, 0.710000, 0.690000, 0.610000, 0.410000, 
83084.000000, 2435.000000, 40584.000000, 40065.000000, 

1243481.000000, 70225.000000, 140498.000000, 199817.000000, 243624.000000, 281638.000000, 210273.000000, 97406.000000, 
1432233.000000, 239262.000000, 243530.000000, 233668.000000, 216768.000000, 250268.000000, 178540.000000, 70197.000000, 
1061939.000000, 239394.000000, 289982.000000, 153781.000000, 119135.000000, 148025.000000, 89426.000000, 22196.000000, 
0.740000, 1.000000, 1.000000, 0.660000, 0.550000, 0.590000, 0.500000, 0.320000, 
1101159.000000, 56969.000000, 135302.000000, 193115.000000, 216768.000000, 250268.000000, 178540.000000, 70197.000000, 
552305.000000, 51732.000000, 102829.000000, 111783.000000, 91795.000000, 111173.000000, 66391.000000, 16602.000000, 
0.500000, 0.910000, 0.760000, 0.580000, 0.420000, 0.440000, 0.370000, 0.240000, 
128305.000000, 2458.000000, 76506.000000, 49341.000000, 

487070.000000, 31402.000000, 62995.000000, 84137.000000, 97883.000000, 103054.000000, 72080.000000, 35519.000000, 
388470.000000, 77062.000000, 103820.000000, 69740.000000, 41667.000000, 52646.000000, 30516.000000, 13019.000000, 
333526.000000, 88322.000000, 105897.000000, 50133.000000, 30458.000000, 34504.000000, 18593.000000, 5619.000000, 
0.860000, 1.000000, 1.000000, 0.720000, 0.730000, 0.660000, 0.610000, 0.430000, 
292570.000000, 25266.000000, 59716.000000, 69740.000000, 41667.000000, 52646.000000, 30516.000000, 13019.000000, 
199986.000000, 23072.000000, 46376.000000, 46203.000000, 29130.000000, 32558.000000, 17354.000000, 5293.000000, 
0.680000, 0.910000, 0.780000, 0.660000, 0.700000, 0.620000, 0.570000, 0.410000, 
44572.000000, 1730.000000, 33747.000000, 9095.000000, 

429897.000000, 28322.000000, 56868.000000, 85688.000000, 90876.000000, 94649.000000, 58970.000000, 14524.000000, 
443639.000000, 73315.000000, 74988.000000, 74893.000000, 78622.000000, 82048.000000, 50972.000000, 8801.000000, 
287516.000000, 84051.000000, 92652.000000, 47596.000000, 22429.000000, 27184.000000, 12608.000000, 996.000000, 
0.650000, 1.000000, 1.000000, 0.640000, 0.290000, 0.330000, 0.250000, 0.110000, 
371810.000000, 22911.000000, 53563.000000, 74893.000000, 78622.000000, 82048.000000, 50972.000000, 8801.000000, 
154433.000000, 21813.000000, 38079.000000, 39725.000000, 19741.000000, 23291.000000, 10886.000000, 898.000000, 
0.420000, 0.950000, 0.710000, 0.530000, 0.250000, 0.280000, 0.210000, 0.100000, 
54309.000000, 1099.000000, 27121.000000, 26089.000000, 

693684.000000, 42575.000000, 86369.000000, 124297.000000, 143608.000000, 154031.000000, 107568.000000, 35236.000000, 
551492.000000, 99395.000000, 146468.000000, 107223.000000, 62656.000000, 80024.000000, 45253.000000, 10473.000000, 
664504.000000, 145822.000000, 199111.000000, 119849.000000, 64382.000000, 73906.000000, 48249.000000, 13185.000000, 
1.000000, 1.000000, 1.000000, 1.000000, 1.000000, 0.920000, 1.000000, 1.000000, 
417583.000000, 30583.000000, 81371.000000, 107223.000000, 62656.000000, 80024.000000, 45253.000000, 10473.000000, 
307185.000000, 29128.000000, 65996.000000, 72058.000000, 46732.000000, 53419.000000, 32437.000000, 7415.000000, 
0.740000, 0.950000, 0.810000, 0.670000, 0.750000, 0.670000, 0.720000, 0.710000, 
66424.000000, 1120.000000, 37305.000000, 27999.000000, 

89558.000000, 5642.000000, 11768.000000, 16663.000000, 19354.000000, 19313.000000, 12857.000000, 3961.000000, 
70880.000000, 13287.000000, 19381.000000, 13909.000000, 8219.000000, 9785.000000, 5233.000000, 1066.000000, 
73325.000000, 20716.000000, 24119.000000, 12005.000000, 5569.000000, 7097.000000, 3487.000000, 332.000000, 
1.000000, 1.000000, 1.000000, 0.860000, 0.680000, 0.730000, 0.670000, 0.310000, 
53728.000000, 4504.000000, 11012.000000, 13909.000000, 8219.000000, 9785.000000, 5233.000000, 1066.000000, 
31687.000000, 4323.000000, 7973.000000, 7864.000000, 3860.000000, 4928.000000, 2485.000000, 254.000000, 
0.590000, 0.960000, 0.720000, 0.570000, 0.470000, 0.500000, 0.470000, 0.240000, 
1112.000000, 2.000000, 465.000000, 645.000000, 

175153.000000, 11396.000000, 24366.000000, 34581.000000, 37687.000000, 36500.000000, 22936.000000, 7687.000000, 
184440.000000, 30741.000000, 47184.000000, 27011.000000, 29805.000000, 29080.000000, 17408.000000, 3211.000000, 
125480.000000, 35020.000000, 40836.000000, 19149.000000, 8440.000000, 13954.000000, 7334.000000, 747.000000, 
0.680000, 1.000000, 0.870000, 0.710000, 0.280000, 0.480000, 0.420000, 0.230000, 
139119.000000, 9343.000000, 23261.000000, 27011.000000, 29805.000000, 29080.000000, 17408.000000, 3211.000000, 
65739.000000, 8471.000000, 16798.000000, 15757.000000, 7181.000000, 11237.000000, 5727.000000, 568.000000, 
0.470000, 0.910000, 0.720000, 0.580000, 0.240000, 0.390000, 0.330000, 0.180000, 
8753.000000, 72.000000, 5078.000000, 3603.000000, 

258261.000000, 18753.000000, 37331.000000, 50907.000000, 54315.000000, 52255.000000, 33853.000000, 10847.000000, 
207329.000000, 43932.000000, 59267.000000, 40867.000000, 21743.000000, 25234.000000, 13067.000000, 3219.000000, 
185938.000000, 50750.000000, 58913.000000, 31381.000000, 18529.000000, 17982.000000, 7669.000000, 714.000000, 
0.900000, 1.000000, 0.990000, 0.770000, 0.850000, 0.710000, 0.590000, 0.220000, 
153637.000000, 14644.000000, 34863.000000, 40867.000000, 21743.000000, 25234.000000, 13067.000000, 3219.000000, 
102284.000000, 12940.000000, 25588.000000, 25113.000000, 16150.000000, 15257.000000, 6597.000000, 639.000000, 
0.670000, 0.880000, 0.730000, 0.610000, 0.740000, 0.600000, 0.500000, 0.200000, 
8645.000000, 122.000000, 4834.000000, 3689.000000, 

108727.000000, 5665.000000, 12195.000000, 18281.000000, 22418.000000, 26096.000000, 19250.000000, 4822.000000, 
98291.000000, 15551.000000, 20060.000000, 14783.000000, 9245.000000, 21096.000000, 15031.000000, 2525.000000, 
70161.000000, 11957.000000, 20100.000000, 10140.000000, 9680.000000, 11234.000000, 6424.000000, 626.000000, 
0.710000, 0.770000, 1.000000, 0.690000, 1.000000, 0.530000, 0.430000, 0.250000, 
78058.000000, 3987.000000, 11391.000000, 14783.000000, 9245.000000, 21096.000000, 15031.000000, 2525.000000, 
48032.000000, 3158.000000, 8061.000000, 9528.000000, 9503.000000, 11022.000000, 6171.000000, 589.000000, 
0.620000, 0.790000, 0.710000, 0.640000, 1.000000, 0.520000, 0.410000, 0.230000, 
5703.000000, 71.000000, 4487.000000, 1145.000000, 

762688.000000, 44438.000000, 95037.000000, 139059.000000, 159246.000000, 167377.000000, 116183.000000, 41348.000000, 
838579.000000, 110261.000000, 170189.000000, 126722.000000, 145249.000000, 152158.000000, 103657.000000, 30343.000000, 
761116.000000, 133971.000000, 213672.000000, 128071.000000, 100972.000000, 108663.000000, 64065.000000, 11702.000000, 
0.910000, 1.000000, 1.000000, 1.000000, 0.700000, 0.710000, 0.620000, 0.390000, 
678781.000000, 30126.000000, 90526.000000, 126722.000000, 145249.000000, 152158.000000, 103657.000000, 30343.000000, 
430521.000000, 29185.000000, 77891.000000, 93724.000000, 82765.000000, 87388.000000, 50663.000000, 8905.000000, 
0.630000, 0.970000, 0.860000, 0.740000, 0.570000, 0.570000, 0.490000, 0.290000, 
94519.000000, 1942.000000, 47137.000000, 45440.000000, 

380612.000000, 20333.000000, 42606.000000, 68188.000000, 81485.000000, 89130.000000, 61868.000000, 17002.000000, 
333554.000000, 62872.000000, 72896.000000, 54739.000000, 32308.000000, 56919.000000, 48274.000000, 5546.000000, 
262186.000000, 52437.000000, 74555.000000, 42007.000000, 31762.000000, 39203.000000, 20599.000000, 1623.000000, 
0.790000, 0.830000, 1.000000, 0.770000, 0.980000, 0.690000, 0.430000, 0.290000, 
255112.000000, 16373.000000, 40953.000000, 54739.000000, 32308.000000, 56919.000000, 48274.000000, 5546.000000, 
153082.000000, 14289.000000, 30730.000000, 33674.000000, 25810.000000, 31091.000000, 16124.000000, 1364.000000, 
0.600000, 0.870000, 0.750000, 0.620000, 0.800000, 0.550000, 0.330000, 0.250000, 
11841.000000, 189.000000, 6337.000000, 5315.000000, 

2280280.000000, 146249.000000, 292832.000000, 385590.000000, 431017.000000, 465742.000000, 359496.000000, 199354.000000, 
2388335.000000, 614888.000000, 375429.000000, 339051.000000, 191337.000000, 403023.000000, 306046.000000, 158561.000000, 
2206527.000000, 447539.000000, 648243.000000, 369444.000000, 290421.000000, 283870.000000, 149193.000000, 17817.000000, 
0.920000, 0.730000, 1.000000, 1.000000, 1.000000, 0.700000, 0.490000, 0.110000, 
1812810.000000, 134879.000000, 279913.000000, 339051.000000, 191337.000000, 403023.000000, 306046.000000, 158561.000000, 
1104284.000000, 111519.000000, 217652.000000, 236509.000000, 209721.000000, 204299.000000, 109429.000000, 15155.000000, 
0.610000, 0.830000, 0.780000, 0.700000, 1.000000, 0.510000, 0.360000, 0.100000, 
13755.000000, 297.000000, 8328.000000, 5130.000000, 

1158192.000000, 73272.000000, 151597.000000, 230640.000000, 233772.000000, 238939.000000, 159146.000000, 70826.000000, 
1157240.000000, 147892.000000, 208256.000000, 211143.000000, 200146.000000, 206837.000000, 135181.000000, 47785.000000, 
945025.000000, 240836.000000, 293469.000000, 167307.000000, 91802.000000, 99442.000000, 46546.000000, 5623.000000, 
0.820000, 1.000000, 1.000000, 0.790000, 0.460000, 0.480000, 0.340000, 0.120000, 
1008449.000000, 59637.000000, 147720.000000, 211143.000000, 200146.000000, 206837.000000, 135181.000000, 47785.000000, 
575550.000000, 57620.000000, 126432.000000, 156258.000000, 89092.000000, 96027.000000, 44686.000000, 5435.000000, 
0.570000, 0.970000, 0.860000, 0.740000, 0.450000, 0.460000, 0.330000, 0.110000, 
91658.000000, 357.000000, 71601.000000, 19700.000000, 

53558.000000, 3812.000000, 7795.000000, 10597.000000, 10831.000000, 9996.000000, 6721.000000, 3806.000000, 
56481.000000, 12892.000000, 12185.000000, 8387.000000, 8302.000000, 7690.000000, 5052.000000, 1973.000000, 
32208.000000, 9522.000000, 9399.000000, 4809.000000, 2410.000000, 3590.000000, 2097.000000, 381.000000, 
0.570000, 0.740000, 0.770000, 0.570000, 0.290000, 0.470000, 0.420000, 0.190000, 
41543.000000, 2970.000000, 7169.000000, 8387.000000, 8302.000000, 7690.000000, 5052.000000, 1973.000000, 
18468.000000, 2663.000000, 4530.000000, 4065.000000, 2157.000000, 2996.000000, 1719.000000, 338.000000, 
0.440000, 0.900000, 0.630000, 0.480000, 0.260000, 0.390000, 0.340000, 0.170000, 
1937.000000, 35.000000, 951.000000, 951.000000, 

1418918.000000, 78127.000000, 162219.000000, 242448.000000, 285713.000000, 323735.000000, 229161.000000, 97515.000000, 
1681693.000000, 257121.000000, 367023.000000, 220011.000000, 262218.000000, 296646.000000, 203906.000000, 74768.000000, 
893748.000000, 205495.000000, 259227.000000, 146380.000000, 94335.000000, 110657.000000, 67036.000000, 10618.000000, 
0.530000, 0.800000, 0.710000, 0.670000, 0.360000, 0.370000, 0.330000, 0.140000, 
1270239.000000, 56510.000000, 156180.000000, 220011.000000, 262218.000000, 296646.000000, 203906.000000, 74768.000000, 
557845.000000, 51792.000000, 114772.000000, 131149.000000, 88416.000000, 102205.000000, 60272.000000, 9239.000000, 
0.440000, 0.920000, 0.730000, 0.600000, 0.340000, 0.340000, 0.300000, 0.120000, 
106037.000000, 1129.000000, 66017.000000, 38891.000000, 

603303.000000, 39111.000000, 79415.000000, 109151.000000, 126161.000000, 133274.000000, 88152.000000, 28039.000000, 
457158.000000, 107788.000000, 95132.000000, 90259.000000, 53502.000000, 66443.000000, 35974.000000, 8060.000000, 
345780.000000, 98037.000000, 107661.000000, 51919.000000, 33104.000000, 37311.000000, 16458.000000, 1290.000000, 
0.760000, 0.910000, 1.000000, 0.580000, 0.620000, 0.560000, 0.460000, 0.160000, 
355622.000000, 27638.000000, 73746.000000, 90259.000000, 53502.000000, 66443.000000, 35974.000000, 8060.000000, 
199062.000000, 24851.000000, 48458.000000, 45428.000000, 30438.000000, 33729.000000, 14932.000000, 1226.000000, 
0.560000, 0.900000, 0.660000, 0.500000, 0.570000, 0.510000, 0.420000, 0.150000, 
6411.000000, 54.000000, 4228.000000, 2129.000000, 

385795.000000, 26029.000000, 51206.000000, 73597.000000, 77550.000000, 79619.000000, 57324.000000, 20470.000000, 
451157.000000, 73028.000000, 111031.000000, 64458.000000, 68768.000000, 70425.000000, 48872.000000, 14575.000000, 
256562.000000, 73309.000000, 86453.000000, 40152.000000, 21657.000000, 22039.000000, 11187.000000, 1765.000000, 
0.570000, 1.000000, 0.780000, 0.620000, 0.310000, 0.310000, 0.230000, 0.120000, 
334521.000000, 18725.000000, 48698.000000, 64458.000000, 68768.000000, 70425.000000, 48872.000000, 14575.000000, 
144802.000000, 17751.000000, 38250.000000, 36572.000000, 20158.000000, 20325.000000, 10129.000000, 1617.000000, 
0.430000, 0.950000, 0.790000, 0.570000, 0.290000, 0.290000, 0.210000, 0.110000, 
9461.000000, 139.000000, 5498.000000, 3824.000000, 

1266251.000000, 70179.000000, 152003.000000, 216769.000000, 246919.000000, 269056.000000, 200864.000000, 110461.000000, 
1160392.000000, 196340.000000, 240146.000000, 173767.000000, 99824.000000, 214940.000000, 156782.000000, 78593.000000, 
893481.000000, 185112.000000, 264444.000000, 129569.000000, 105901.000000, 113048.000000, 75269.000000, 20138.000000, 
0.770000, 0.940000, 1.000000, 0.750000, 1.000000, 0.530000, 0.480000, 0.260000, 
919653.000000, 52784.000000, 142963.000000, 173767.000000, 99824.000000, 214940.000000, 156782.000000, 78593.000000, 
576077.000000, 48558.000000, 112129.000000, 117627.000000, 102501.000000, 108752.000000, 68816.000000, 17694.000000, 
0.630000, 0.920000, 0.780000, 0.680000, 1.000000, 0.510000, 0.440000, 0.230000, 
92692.000000, 4743.000000, 62469.000000, 25480.000000, 

116256.000000, 6301.000000, 12796.000000, 19463.000000, 23748.000000, 26852.000000, 20388.000000, 6708.000000, 
117725.000000, 16308.000000, 21185.000000, 16135.000000, 20007.000000, 22833.000000, 17125.000000, 4132.000000, 
81908.000000, 16462.000000, 22225.000000, 11016.000000, 10645.000000, 12365.000000, 7977.000000, 1218.000000, 
0.700000, 1.000000, 1.000000, 0.680000, 0.530000, 0.540000, 0.470000, 0.290000, 
96791.000000, 4384.000000, 12175.000000, 16135.000000, 20007.000000, 22833.000000, 17125.000000, 4132.000000, 
54987.000000, 3985.000000, 9455.000000, 10160.000000, 10468.000000, 12145.000000, 7646.000000, 1128.000000, 
0.570000, 0.910000, 0.780000, 0.630000, 0.520000, 0.530000, 0.450000, 0.270000, 
11637.000000, 270.000000, 5986.000000, 5381.000000, 

664659.000000, 44212.000000, 80834.000000, 120554.000000, 136161.000000, 148180.000000, 101930.000000, 32788.000000, 
501322.000000, 115904.000000, 100703.000000, 101205.000000, 57881.000000, 74008.000000, 42010.000000, 9611.000000, 
423903.000000, 115964.000000, 139541.000000, 62676.000000, 39857.000000, 42978.000000, 21054.000000, 1833.000000, 
0.850000, 1.000000, 1.000000, 0.620000, 0.690000, 0.580000, 0.500000, 0.190000, 
389378.000000, 31157.000000, 73506.000000, 101205.000000, 57881.000000, 74008.000000, 42010.000000, 9611.000000, 
246917.000000, 29447.000000, 58365.000000, 58303.000000, 38335.000000, 40801.000000, 19900.000000, 1766.000000, 
0.630000, 0.950000, 0.790000, 0.580000, 0.660000, 0.550000, 0.470000, 0.180000, 
11086.000000, 133.000000, 8276.000000, 2677.000000, 

94471.000000, 5810.000000, 12214.000000, 17519.000000, 20078.000000, 20430.000000, 13890.000000, 4530.000000, 
100036.000000, 19769.000000, 19188.000000, 14206.000000, 16353.000000, 16825.000000, 11149.000000, 2546.000000, 
61608.000000, 12556.000000, 18981.000000, 9969.000000, 6272.000000, 7574.000000, 5106.000000, 1150.000000, 
0.620000, 0.640000, 0.990000, 0.700000, 0.380000, 0.450000, 0.460000, 0.450000, 
76921.000000, 4555.000000, 11287.000000, 14206.000000, 16353.000000, 16825.000000, 11149.000000, 2546.000000, 
36841.000000, 3927.000000, 8338.000000, 7933.000000, 5240.000000, 6244.000000, 4217.000000, 942.000000, 
0.480000, 0.860000, 0.740000, 0.560000, 0.320000, 0.370000, 0.380000, 0.370000, 
2820.000000, 18.000000, 1652.000000, 1150.000000, 

887503.000000, 56696.000000, 101351.000000, 151556.000000, 170800.000000, 184061.000000, 128938.000000, 94101.000000, 
1025671.000000, 187435.000000, 221504.000000, 134182.000000, 149169.000000, 161882.000000, 110138.000000, 61361.000000, 
794924.000000, 143788.000000, 219130.000000, 136165.000000, 93144.000000, 110199.000000, 63791.000000, 28707.000000, 
0.780000, 0.770000, 0.990000, 1.000000, 0.620000, 0.680000, 0.580000, 0.470000, 
752646.000000, 41202.000000, 94712.000000, 134182.000000, 149169.000000, 161882.000000, 110138.000000, 61361.000000, 
433197.000000, 38773.000000, 78615.000000, 97161.000000, 73025.000000, 82564.000000, 44927.000000, 18132.000000, 
0.580000, 0.940000, 0.830000, 0.720000, 0.490000, 0.510000, 0.410000, 0.300000, 
54650.000000, 969.000000, 52929.000000, 752.000000, 

3593449.000000, 252285.000000, 491398.000000, 692163.000000, 761977.000000, 752961.000000, 473707.000000, 168958.000000, 
4143044.000000, 836289.000000, 1020934.000000, 581659.000000, 627210.000000, 609538.000000, 370306.000000, 97108.000000, 
3079069.000000, 697069.000000, 905990.000000, 504962.000000, 395860.000000, 386956.000000, 175312.000000, 12920.000000, 
0.740000, 0.830000, 0.890000, 0.870000, 0.630000, 0.630000, 0.470000, 0.130000, 
2935195.000000, 181023.000000, 468351.000000, 581659.000000, 627210.000000, 609538.000000, 370306.000000, 97108.000000, 
1832873.000000, 171327.000000, 380716.000000, 417395.000000, 353323.000000, 342375.000000, 155759.000000, 11978.000000, 
0.620000, 0.950000, 0.810000, 0.720000, 0.560000, 0.560000, 0.420000, 0.120000, 
302833.000000, 5567.000000, 201848.000000, 95418.000000, 

232573.000000, 19781.000000, 38731.000000, 51720.000000, 46861.000000, 42769.000000, 25788.000000, 6923.000000, 
252170.000000, 80890.000000, 59238.000000, 39927.000000, 17539.000000, 32430.000000, 18693.000000, 3453.000000, 
186132.000000, 61929.000000, 63586.000000, 28209.000000, 12776.000000, 13240.000000, 6064.000000, 328.000000, 
0.740000, 0.770000, 1.000000, 0.710000, 0.730000, 0.410000, 0.320000, 0.090000, 
163947.000000, 16644.000000, 35261.000000, 39927.000000, 17539.000000, 32430.000000, 18693.000000, 3453.000000, 
93354.000000, 14719.000000, 27011.000000, 23641.000000, 11344.000000, 11241.000000, 5092.000000, 306.000000, 
0.570000, 0.880000, 0.770000, 0.590000, 0.650000, 0.350000, 0.270000, 0.090000, 
13666.000000, 6221.000000, 5292.000000, 2153.000000, 

63015.000000, 3509.000000, 6847.000000, 10640.000000, 13277.000000, 15662.000000, 10286.000000, 2794.000000, 
68263.000000, 11766.000000, 13034.000000, 10142.000000, 6384.000000, 14909.000000, 9724.000000, 2304.000000, 
46737.000000, 10529.000000, 13365.000000, 6685.000000, 5700.000000, 6472.000000, 3658.000000, 328.000000, 
0.680000, 0.890000, 1.000000, 0.660000, 0.890000, 0.430000, 0.380000, 0.140000, 
52769.000000, 2585.000000, 6721.000000, 10142.000000, 6384.000000, 14909.000000, 9724.000000, 2304.000000, 
30219.000000, 2571.000000, 5595.000000, 6215.000000, 5604.000000, 6373.000000, 3552.000000, 309.000000, 
0.570000, 0.990000, 0.830000, 0.610000, 0.880000, 0.430000, 0.370000, 0.130000, 
5639.000000, 32.000000, 4547.000000, 1060.000000, 

691949.000000, 42920.000000, 87493.000000, 127760.000000, 144656.000000, 152827.000000, 102430.000000, 33863.000000, 
718935.000000, 111139.000000, 142846.000000, 106758.000000, 120801.000000, 130725.000000, 86199.000000, 20467.000000, 
452617.000000, 92266.000000, 148188.000000, 83376.000000, 45135.000000, 52466.000000, 28231.000000, 2955.000000, 
0.630000, 0.830000, 1.000000, 0.780000, 0.370000, 0.400000, 0.330000, 0.140000, 
578376.000000, 30367.000000, 83059.000000, 106758.000000, 120801.000000, 130725.000000, 86199.000000, 20467.000000, 
289148.000000, 24810.000000, 65910.000000, 75741.000000, 43569.000000, 50182.000000, 26161.000000, 2775.000000, 
0.500000, 0.820000, 0.790000, 0.710000, 0.360000, 0.380000, 0.300000, 0.140000, 
51738.000000, 451.000000, 29472.000000, 21815.000000, 

833348.000000, 46083.000000, 99198.000000, 151102.000000, 174740.000000, 189495.000000, 132398.000000, 40332.000000, 
636112.000000, 118828.000000, 131307.000000, 134941.000000, 78914.000000, 101859.000000, 58052.000000, 12211.000000, 
523434.000000, 114053.000000, 165996.000000, 86641.000000, 58483.000000, 64464.000000, 30457.000000, 3340.000000, 
0.820000, 0.960000, 1.000000, 0.640000, 0.740000, 0.630000, 0.520000, 0.270000, 
517698.000000, 36565.000000, 95156.000000, 134941.000000, 78914.000000, 101859.000000, 58052.000000, 12211.000000, 
335049.000000, 32695.000000, 74023.000000, 80518.000000, 55754.000000, 60927.000000, 28463.000000, 2669.000000, 
0.650000, 0.890000, 0.780000, 0.600000, 0.710000, 0.600000, 0.490000, 0.220000, 
14451.000000, 196.000000, 8285.000000, 5970.000000, 

219677.000000, 13402.000000, 26965.000000, 38561.000000, 43948.000000, 49034.000000, 35260.000000, 12507.000000, 
222120.000000, 44302.000000, 45645.000000, 33156.000000, 18823.000000, 42394.000000, 29960.000000, 7840.000000, 
208704.000000, 46239.000000, 46914.000000, 41062.000000, 27850.000000, 30589.000000, 15406.000000, 644.000000, 
0.940000, 1.000000, 1.000000, 1.000000, 1.000000, 0.720000, 0.510000, 0.080000, 
167262.000000, 9446.000000, 25643.000000, 33156.000000, 18823.000000, 42394.000000, 29960.000000, 7840.000000, 
87151.000000, 9206.000000, 19606.000000, 20254.000000, 13337.000000, 15723.000000, 8545.000000, 480.000000, 
0.520000, 0.970000, 0.760000, 0.610000, 0.710000, 0.370000, 0.290000, 0.060000, 
11619.000000, 1047.000000, 7337.000000, 3235.000000, 

567051.000000, 32251.000000, 66047.000000, 99785.000000, 120017.000000, 129175.000000, 89145.000000, 30631.000000, 
434106.000000, 70683.000000, 110717.000000, 84842.000000, 52528.000000, 67543.000000, 37720.000000, 10073.000000, 
411730.000000, 92193.000000, 126330.000000, 63455.000000, 47443.000000, 50655.000000, 27405.000000, 4249.000000, 
0.950000, 1.000000, 1.000000, 0.750000, 0.900000, 0.750000, 0.730000, 0.420000, 
337346.000000, 22439.000000, 62201.000000, 84842.000000, 52528.000000, 67543.000000, 37720.000000, 10073.000000, 
250474.000000, 21229.000000, 51588.000000, 56155.000000, 44779.000000, 47523.000000, 25264.000000, 3936.000000, 
0.740000, 0.950000, 0.830000, 0.660000, 0.850000, 0.700000, 0.670000, 0.390000, 
64869.000000, 1164.000000, 41840.000000, 21865.000000, 

60502.000000, 3828.000000, 8156.000000, 11728.000000, 12598.000000, 12284.000000, 8681.000000, 3227.000000, 
59080.000000, 12793.000000, 13093.000000, 9515.000000, 5163.000000, 9963.000000, 6808.000000, 1745.000000, 
36643.000000, 11805.000000, 12438.000000, 5167.000000, 2093.000000, 3219.000000, 1761.000000, 160.000000, 
0.620000, 0.920000, 0.950000, 0.540000, 0.410000, 0.320000, 0.260000, 0.090000, 
43852.000000, 3046.000000, 7612.000000, 9515.000000, 5163.000000, 9963.000000, 6808.000000, 1745.000000, 
19333.000000, 2815.000000, 5345.000000, 4576.000000, 1965.000000, 2905.000000, 1578.000000, 149.000000, 
0.440000, 0.920000, 0.700000, 0.480000, 0.380000, 0.290000, 0.230000, 0.090000, 
1553.000000, 3.000000, 797.000000, 753.000000, 

